95.21605676166334 0.061810414208114395
95.21605676166334 0.07526737886434098
95.21605676166331 0.08073030701238526
95.21605676166331 0.09418306698605772
95.14100798760336 0.0960490565842127
94.92488200963011 0.10919843300373433
94.91142003344169 0.11809202841909361
94.91142003344171 0.11994266858809066
94.82168719979325 0.13537945601772083
94.82168719979325 0.137180108455758
94.25174883407877 0.18311081726248446
94.06290593853475 0.186799929892139
94.0065850733353 0.2025701579067798
93.52711337695987 0.2117924708389678
93.30288970216762 0.23773824258914722
92.78264935294929 0.270403863966445
92.43623457990802 0.29572606246399413
89.32228611258795 0.34788839127999527
86.99219902844652 0.39022739299459097
86.99219902844649 0.391771639444471
86.92835736278452 0.40195637397260864
86.71882275906667 0.4185770632506669
86.31582125472582 0.43574024208600903
86.31582125472578 0.4619725686913476
86.31582125472578 0.46527892892402267
85.16114927858507 0.4876430025926757
85.16114927858507 0.4880330181735246
85.30434971642566 0.5049464273704123
83.43481739251006 0.567899492003888
83.07498128070273 0.5724598138180514
81.59472010107045 0.6020861793704277
81.59472010107045 0.606028222561477
81.43330256748143 0.6396988457479331
81.0914318309193 0.6583090676661918
80.72613743683263 0.6657537665787387
80.695964851437 0.6972295515608824
80.48280352959708 0.7407351473874275
80.34513300352097 0.7585229153126916
79.59728447675944 0.7685458263561058
79.59728447675943 0.7690952600787861
78.12301427993425 0.8471174282119582
78.04682706631587 0.854651399354923
77.3949546260759 0.9004941632820866
77.3949546260759 0.9248382204887857
77.11080619074488 0.9376205063361684
77.11080619074487 0.9411042508310725
69.40333553893751 1.0601485915206315
69.40333553893753 1.0857095080421733
69.40333553893753 1.0925967305059858
69.29481556296442 1.1246907778514927
69.29481556296443 1.1254022683041862
69.26405203062302 1.134169166981355
69.26405203062303 1.136842957401
68.2707414425599 1.1826694367420805
66.76581707978825 1.2146753588552501
65.11444212688728 1.2682127539817634
64.43029540603416 1.2958864853142238
63.277361278986426 1.3270124062297963
63.27736127898638 1.3410926212616614
63.27741896103821 1.3869658263173337
62.05564410612997 1.4645983848700563
60.464029120854306 1.5246752107803854
59.21660324904573 1.6082120122684476
58.85945003510678 1.6387543437411205
58.8594500351068 1.6409512757631655
58.81929776660062 1.662430872556409
58.81929776660062 1.6699465760147163
58.88556827716172 1.7368214281744319
56.153176242563134 1.9030360069867598
56.153176242563134 1.9315342076425708
55.482612704341896 2.0319250494353263
52.2641884021684 2.196547820531684
52.2641884021684 2.2371026049431784
52.12493714519286 2.2709316207518153
51.8014435370455 2.356194490192344
50.59219085953909 2.4523879177512136
50.049763407849795 2.514159383140825
50.02272319697852 2.5448337064168474
49.9417143437832 2.590351065002146
49.91851396407625 2.6308883955934537
50.025253588454255 2.663861468766127
50.192632636020036 2.6862551026017787
49.49802889233553 2.777882009389245
49.19680457640866 2.792290017945392
49.19680457640867 2.819842099193151
48.31976764231699 2.8730704607790525
42.8585571595775 3.148999925520955
43.0025200373135 3.2062506000137736
43.27380758590759 3.249090327615447
43.273807585907605 3.2814150223739844
38.24519986220493 3.535755237860067
39.88986453940585 3.642765301420862
39.74384636054977 3.673725050756488
39.12734864937966 3.75815891497612
38.89595208440119 3.926990816987241
38.89595208440117 3.949975274428693
38.615580300799024 4.057202259951637
38.615580300799024 4.073657310784434
38.61558030079901 4.108866558714695
37.952774660387476 4.25248667222372
38.296552659109096 4.339401258584629
38.31485442296106 4.380588513095013
38.31485442296106 4.3854301397489746
38.22283815225174 4.4329412162583175
38.575642180258384 4.607088850820642
38.57564218025837 4.655539733051851
