96.42989248191762 0.10777745951613849
96.42989248191762 0.11206865284073153
95.66074284670292 0.1807304361359403
95.08659818692342 0.20125158186926306
95.08659818692344 0.21687361566640817
95.08659818692342 0.22043885553023657
94.80142528351826 0.2361859241018811
93.8847820287034 0.2778457325723753
93.23813146109806 0.3175042954167937
93.01215934685658 0.32391505318087255
93.01215934685659 0.3259258954773747
92.14919925342656 0.3365174134380826
92.17762575267498 0.36077628330541334
91.20981671222671 0.39868619218534285
89.70295505067358 0.41424605038621465
89.70295505067362 0.41577077684403374
89.24525236469134 0.42886587774887364
88.96991893293922 0.45564777966091974
88.97958131047841 0.4715214620249064
88.01128006926103 0.4876430025926757
88.16732527890977 0.4914636732960087
87.97502254940738 0.5091420982777066
86.7161725408957 0.537995262595377
87.01996600127211 0.5500461583592529
86.3313197505274 0.567899492003888
86.25130146099528 0.5773954796745775
85.65213178504587 0.6144929706217459
85.65213178504581 0.614848998431647
85.65213178504581 0.6219751098092363
85.22305039992699 0.6285343005686634
85.32229116324991 0.6331208587945438
85.07203023507523 0.6396988457479331
85.07203023507523 0.6427565072927708
84.97450902280639 0.6707202861178381
84.97450902280636 0.6813793480263746
84.90816819827094 0.6857295109062864
84.65641818077569 0.6997496237669214
84.70964474229433 0.7098664533851942
84.46067162488143 0.7191686382812161
84.12056403773171 0.7439711015369026
84.46365631899049 0.7696100016616239
84.47631061864067 0.7744696367440635
75.815900651823 1.0183774024745507
75.61762489733457 1.0543602330143047
75.61762489733457 1.0636978224025597
75.61762489733455 1.0652788487532083
75.32100536096539 1.0730506284025907
75.32100536096539 1.083473724983521
74.70861544902422 1.097625196200478
74.08512033596006 1.1090829513587197
74.08512033596006 1.1126939474620476
73.81584716803903 1.1299118606303793
73.81584716803906 1.1357123756328509
73.69932626588155 1.1556543300344737
72.71863062738998 1.174257568189299
72.69232347002378 1.1815807478763496
72.28109332949464 1.191099666104761
71.56259190654227 1.201060038623635
70.47750920542241 1.2358886369254982
70.47750920542241 1.2380269346233002
70.33381090946946 1.2490457723982544
70.48977765162226 1.2681691239643387
70.17815200548996 1.2753554896511767
69.99206874723302 1.278887657065364
69.98436102295992 1.2893697236348824
63.97058305758098 1.4080689521545153
64.01470279300902 1.4207139161207554
63.772304681143424 1.4656578133910578
63.49617823876282 1.4888546145230697
63.47371520317472 1.5074664936680442
63.254196185598836 1.5256009935740673
63.25419618559884 1.546410917622178
63.39847464447107 1.5758724253281953
61.79069934886862 1.6870214191617139
61.79069934886862 1.7070035423745713
61.79069934886864 1.7097906319321607
61.6969005743189 1.768191886644777
60.601329747879895 1.8021787943910326
59.6535431920519 1.8586615512874207
58.81946205001789 1.9092120049054788
55.83396145005025 2.056553354648287
55.68396032637758 2.103388198290588
54.6464862372852 2.163493731529959
54.61459812847356 2.199164714220613
54.61459812847355 2.204151222328937
54.614598128473574 2.224725794505476
52.65787274947593 2.406571997373403
52.76038114239316 2.6071971768353794
52.760381142393136 2.6321549721773785
52.760381142393136 2.6436576956776268
49.680620592943484 2.9836827328802773
46.4411919992913 3.1352233129711298
46.441191999291306 3.1484890959781415
46.07819628793791 3.1919098580512686
46.07819628793791 3.200348476305516
45.780525158115175 3.256727456780453
45.49204431996846 3.275537589536456
45.411323005768864 3.2947462683770046
45.41132300576885 3.3282069600212587
45.20323748053775 3.3501922263959507
44.553792203081684 3.4805089037409456
45.03263887798934 3.509821339337438
44.88913814702899 3.5369427447237918
44.88913814702898 3.548245001436156
44.3285114049148 3.5782198134033334
44.32851140491479 3.589856860810003
44.75926384970262 3.6211119455823892
44.73923532608056 3.661658730778256
43.905170724931196 3.6820121538603767
42.941184339745455 3.7719940750633003
39.55989696469137 3.9383539642515317
39.559896964691376 3.948965301283904
40.09996207563038 4.048609840248588
39.38259025447349 4.126546200692529
38.83860094503404 4.186092834766651
38.75723525515485 4.230561556310905
39.41603460789344 4.301324432994825
39.904666759733956 4.385687971379204
38.772663037173274 4.4928451440953
38.47368267155359 4.575047702917756
38.33930461811794 4.654602149613751
