92.94432311667674 -1.5676014494863215
92.69144059260454 -1.5540754772520922
92.69144059260454 -1.5527477453169654
92.54949891984823 -1.540705078011466
92.54949891984825 -1.5330136284556724
92.19167865106863 -1.5287499248618852
92.03574667745104 -1.5182132651839546
92.03574667745104 -1.514377858607239
92.03574667745104 -1.5136196579185068
92.03574667745104 -1.5042281630190728
91.9788157818465 -1.4956691708841348
91.97881578184649 -1.4913789390512693
91.97881578184649 -1.489542393825006
91.7379710457216 -1.4747472702106836
91.73797104572161 -1.4721415299887959
91.7379710457216 -1.4679575545957375
91.90219855935538 -1.4563164942708118
91.75955691125507 -1.445108592033207
92.0951186103298 -1.4434613495834714
91.65551552595696 -1.4325257295479952
91.65551552595696 -1.4320705089172137
91.05070438546687 -1.4152681788204353
90.37982688637271 -1.391843998281448
90.20346496076554 -1.3881846360195391
89.96727488978996 -1.3638382168996812
89.59721602397596 -1.3572731331013799
89.52077204455097 -1.3509641398791281
89.39916958766473 -1.3444994867309688
89.39916958766473 -1.3390794856044457
89.39916958766473 -1.3367324275277552
88.92503337288545 -1.3298926207377235
88.79339421937524 -1.3266672811356477
88.58426193142034 -1.3213494181590135
88.58426193142034 -1.317902261699299
88.99776819629335 -1.303910564167333
88.91091757306813 -1.2753554896511767
88.91091757306816 -1.2747410504043841
88.91091757306816 -1.2725457190178668
88.74096382366177 -1.2490457723982544
88.74096382366177 -1.2490457723982544
88.60023872058578 -1.2442725389595783
88.40523586833481 -1.2423194164430997
88.37437314092675 -1.234995174842704
88.61427248659368 -1.230605239986031
88.61427248659368 -1.2279962502612083
88.74431891414508 -1.224714291931734
88.7565804441702 -1.2141761908434647
88.75658044417023 -1.2124488473581387
88.75658044417021 -1.2107761777909622
88.77780131287085 -1.2031490081635758
88.72489016836963 -1.1972562714415027
88.43608418173845 -1.1896676722270723
88.43608418173845 -1.1882309271976828
88.71424700936488 -1.1820466360876993
88.71424700936487 -1.178768324906149
88.43982261272436 -1.163997965126928
88.32771648227762 -1.1581752258368168
88.53196192160114 -1.1565502764086824
87.80553835277877 -1.13910130947857
87.82098807237958 -1.1280796380781155
88.02003449563385 -1.1181028962161594
87.68251184237866 -1.115148547133977
87.47468263203588 -1.1088818183119198
87.32774693511699 -1.0993969350818837
86.54286693391411 -1.0894940514649947
86.45433977022351 -1.0846999852165642
86.45433977022351 -1.0838970949836275
86.80458206968709 -1.0723369163282177
86.9888052442615 -1.059898448587027
86.60874569652296 -1.0494903886929672
86.99535378844286 -1.0193748254668702
86.80512092974357 -1.000121244744716
86.99409087929857 -0.9877197917757521
86.99409087929854 -0.985796717223327
86.99409087929857 -0.9856481398527537
87.25404774479364 -0.979878279612554
87.17519133935325 -0.9687101474244691
87.17519133935326 -0.9648202568318753
87.30616435897116 -0.9569621497534241
87.30616435897117 -0.9466648727345535
87.30616435897116 -0.9454750330745906
87.30616435897113 -0.9326756426382569
87.05076763818101 -0.9122641382287675
87.17489020089741 -0.8955038126471357
87.02020714287491 -0.8867446666631159
86.66830803180338 -0.8721365020734334
85.26854120686438 -0.8418353417091514
85.26854120686438 -0.8392675633778839
82.73969091902063 -0.8138265215482232
82.6561365191543 -0.7954480762904826
82.65613651915432 -0.7853981633974483
81.88785394382647 -0.7804477087886048
81.88785394382646 -0.7797164063566011
81.88785394382647 -0.775348250504414
81.88785394382649 -0.7628031393107494
81.10560626173095 -0.7409829481505374
80.76325798186681 -0.7283173809911838
79.79986241573101 -0.7163591257231119
79.12179934871136 -0.6962496100586021
79.12179934871135 -0.6961621005786318
77.30192558327377 -0.6639064394798224
79.29346473343713 -0.6459581063061106
78.50440959289196 -0.6050270653075076
78.50440959289195 -0.6017003769204333
79.19194262953164 -0.5762132248044911
78.60976209630341 -0.5705827629957899
78.64521011698137 -0.5590096559032152
78.90437453624236 -0.5350790971018439
77.94614876163882 -0.49600428502367344
77.52838315764085 -0.48821733298113246
78.01047457714652 -0.47249693551706384
76.76336427633758 -0.41514199676042274
70.44085506650242 -0.2740339932264167
67.79027843768935 -0.16286383752163
67.39835265191404 -0.14822608402036586
67.39835265191402 -0.1378756285611142
67.39835265191401 -0.12266865550445674
67.82202760676486 -0.07964338373642225
67.86788911346099 -0.06212092498838464
67.3697459792989 -0.03254664261812196
67.36974597929891 -0.031379830629409744
67.00477382360302 -0.00452485599645592
67.1708028139734 0.0426281888720867
66.15604443949837 0.06271956186658866
65.42925379688404 0.08980518655416755
64.8648781294824 0.14053093523544025
63.9230583138439 0.2067585821136191
63.92305831384391 0.2245733324403259
63.72874017903104 0.25088178227897634
64.18801045072887 0.2803729110449352
64.49889028493453 0.34918269561499116
64.49889028493453 0.3593503803505597
64.49889028493453 0.36042174196785437
64.83975125383098 0.37112898788115944
64.83975125383097 0.3851575063634744
64.83975125383095 0.402413476613065
64.83975125383097 0.4258037700841855
62.19034930812083 0.5284337728808914
62.19034930812082 0.5580543562694446
62.19034930812083 0.5811440005310675
59.99580880659049 0.7287213397654132
60.44584781395133 0.7780453547307576
59.83438063949769 0.8084709912875923
59.0979597613969 0.8405146976915356
59.09795976139692 0.8615862835718358
59.05214228340523 0.8711250391681932
59.49521005330844 0.9174379250120872
59.49521005330847 0.9219476753924617
59.49521005330845 0.9242056294800501
59.03072540425585 0.9517844639425576
59.03072540425585 0.9553835624663878
59.4063388437602 0.995486976616532
57.397433182788255 1.1366186415680641
57.44022336397769 1.1580430672472781
56.47889914497153 1.2151604424941367
56.17291367971539 1.2298173732985473
56.1729136797154 1.231806101203725
56.199612151898286 1.232918138554618
56.19961215189829 1.2358452190721048
55.8233649717491 1.2561630899394645
55.823364971749115 1.2604089196625452
55.797512286159574 1.2885934869868132
55.63873283869405 1.3064151828511514
55.82131508992653 1.3191063550367101
55.02753845163547 1.3302620788489918
55.02753845163549 1.3359475631813162
55.02753845163547 1.3406613776896665
55.08272267299119 1.3487144248894163
55.0827226729912 1.3665826907775311
55.08272267299117 1.3693766437975774
55.08272267299117 1.3712999296995805
53.9522733794443 1.4355326740654715
52.07462069178967 1.4588404050524395
52.07462069178967 1.4615555352686527
51.78238952882637 1.4949188896694094
51.80678565956374 1.528397508868957
52.24188436364508 1.552164942549632
50.00978873168599 1.588338386852299
49.37294309635077 1.6465133661352487
49.372943096350745 1.6534104106035425
45.04914394679676 1.776478989748666
45.04914394679676 1.7842762903310827
43.72327631383642 1.896857199325353
43.0891355853103 1.9168336029077537
43.08913558531032 1.9379701606131157
43.302627174941875 1.9696881850784247
42.48487487421593 1.9882135540473604
42.48487487421593 1.9997575379721486
41.51340025568514 2.0438480472758465
41.68368747912105 2.0657925476439036
41.39017417204491 2.0890519693266496
41.39017417204492 2.0927968576468445
41.03888268503031 2.1210435204834015
41.45015569555808 2.123014689545529
41.13681359384077 2.136399418668313
40.58160331736034 2.165363387471083
40.14499222972134 2.1890926902612393
40.14499222972133 2.1979541657414665
39.79678551199568 2.2101822324810696
39.51628512465265 2.2441655277663575
39.51628512465264 2.2443042240206688
39.533014852358896 2.260740775859631
39.533014852358896 2.262353277563008
38.208061665243356 2.2994373323702515
38.58942197864339 2.320495377513021
38.828844012462405 2.3450838362947373
38.603110132479145 2.356194490192345
38.603110132479145 2.379719561177562
37.653948798344516 2.398274897634235
37.71734565841281 2.430133527850286
37.71734565841281 2.43052537736001
36.76181309351249 2.4740665933895616
36.76181309351249 2.4821071158781436
34.252792333955256 2.550880029576295
33.998456506733966 2.604149335008035
34.238624855780486 2.6975503754461916
34.23862485578048 2.7243252615175084
34.23862485578047 2.7296916362988224
33.32346362216653 2.783929402578587
31.345193832124544 2.853163095071398
28.52464574486458 2.974622484564864
28.524645744864564 3.0027076380695803
28.524645744864582 3.0186207840254955
