90.46452918263817 1.3981549942066271
90.58277161021624 1.412002272104182
90.58277161021621 1.415268178820435
90.58277161021623 1.4173724052160512
90.49470264140933 1.4646673765564486
90.73852793504513 1.4987562614080687
90.98565231520507 1.533013628455672
90.98565231520507 1.5335254586694518
90.70854957840224 1.5390049214404202
90.70854957840224 1.546410917622178
90.63420002103342 1.5537331365680034
90.31007947343181 1.5882161673466744
90.36527239297041 1.6075690403977738
90.36527239297038 1.6085790251341212
90.11292552554463 1.6241264932350834
89.24156313889844 1.6595306708041893
88.95239441123103 1.6645969071866382
88.8775228928955 1.6913166575640624
88.08955684532918 1.7136756993542184
88.08955684532918 1.7318442656257567
88.08955684532916 1.7402579780825231
87.94396035850286 1.749675484576768
87.45357591335463 1.7788156569312967
87.4535759133546 1.7851633828981512
87.45357591335461 1.7954057968472341
87.7777322430734 1.8292512630029147
87.33020626910391 1.833405404811943
87.42088477871442 1.8407913403752723
87.57899329771263 1.863275964421005
87.19090285298456 1.88317947369376
87.19090285298455 1.88379436946828
87.02435525981379 1.8925468811915387
87.02435525981377 1.9039100284558295
87.02435525981375 1.9121950074439322
87.21433901478261 1.9180043432176745
87.21433901478265 1.9186073306737157
86.4718109093716 1.929974329018501
86.4002101739589 1.9506469662963308
86.01673018118413 1.9687712273435594
85.80984226287123 1.9766571050247652
84.79884361057807 2.0065365688809056
84.48637619711255 2.012450866556563
83.87543111284012 2.029613055501727
83.73536937626974 2.050040591291676
83.50783979763514 2.075071973477076
83.50783979763519 2.0846616451949522
83.08539274586076 2.098041358767823
83.35563043472091 2.103474046253634
82.22921358094113 2.1358717420775335
82.3729593353597 2.149255211624924
82.24571459635268 2.1721314736366093
81.44859199788726 2.177335520156509
81.41457143858916 2.190196916546995
81.26376716468614 2.213492930532464
81.26376716468614 2.221423205714615
80.12313562731313 2.249647639293231
79.75734532542033 2.2599023020787623
79.75734532542032 2.2639712900389934
79.78148635548341 2.267045936853499
79.7814863554834 2.2708408725329985
79.20089950469966 2.2798404843976154
79.73792458287309 2.3215263049828447
79.73792458287306 2.333341326651537
77.7168536309704 2.393811146063122
78.10537859233374 2.4208102940903284
78.10537859233375 2.4216745151158108
78.10537859233372 2.4334215475663292
77.61366512278566 2.4674648320742083
77.61366512278568 2.4739898120629302
77.41071060064886 2.4832835859236013
77.47270262967452 2.4898023601242834
77.38922494374069 2.5041731379326038
77.03248190255732 2.523369507285423
76.91177587215986 2.5459732223723
76.97988278359864 2.5524651911240817
76.92325565629534 2.5639942988890176
76.92325565629534 2.567287823415091
76.68946731844186 2.572413961479578
76.42591670035138 2.5842971184722874
76.36858225172637 2.593665786854652
76.20604766195372 2.623993727381542
76.20604766195372 2.628982393989201
76.00323917793453 2.6344941491974563
76.00323917793453 2.638242257582851
75.27724817197412 2.662073361597198
75.21436222739462 2.6720512032087242
75.52984580798527 2.6970068603152555
75.52984580798527 2.6992184306130476
75.62870996685086 2.7082388045077614
75.62870996685089 2.708900544788362
75.62870996685085 2.7094744812547162
75.73536036260049 2.731301351744639
75.73536036260049 2.7355353666669444
75.73536036260047 2.736700867304709
75.80570457833429 2.7704994669401817
75.77774282243 2.7738387734329137
75.77774282243 2.7750541437013414
75.61257989933819 2.777427234281639
75.31394000181453 2.7910542428677516
75.31394000181452 2.791788236663807
75.69004373327427 2.7977868524996357
75.3743934955931 2.8171539336252636
75.3743934955931 2.8173545421350603
75.0187331783616 2.825091394809677
75.01873317836163 2.831046112149428
75.21202865634633 2.835926502879456
75.21202865634633 2.8370817703876803
75.21202865634633 2.849758358186106
74.96549533896496 2.8592953002901904
75.16063542350099 2.8638907231446975
75.5002461999551 2.867558660363377
75.4781684014132 2.8802220161549243
74.78877862409703 2.888896392863092
74.23356956915647 2.9113021996133313
74.37810377783475 2.922495075080292
73.33136542697726 2.94898938932117
73.20619017583762 2.9517498202155057
73.20619017583762 2.953952881785426
73.61160558026063 2.9664509710479727
73.51876209577698 2.9695999765716916
73.92907147233166 2.9814049560288094
73.92907147233163 2.986451340320901
73.92907147233166 2.9917049014820627
74.13301863787865 3.0166652492601003
74.13301863787864 3.0177319743759785
74.13301863787865 3.018923998085336
74.13301863787864 3.0218365024522438
73.80291505749592 3.0328529756073497
73.67182711665842 3.0378935706163936
73.53990001106024 3.049484541478286
73.41264621350754 3.0560873599115883
73.66713991455643 3.0580868573718956
73.50135077933005 3.066634545095221
73.36921562823262 3.083742217679646
73.36921562823264 3.0899952989045563
73.37410046907513 3.09400955031281
73.37410046907513 3.09779597674593
73.44008706501238 3.1096400619053135
73.44008706501239 3.112794033349342
73.22782112531705 3.1191748850784577
73.2841910215431 3.1203192675657316
73.4674618846369 3.129828490440035
72.95572160199502 3.1373732693467904
72.65922904889167 3.1460769284646086
72.32793369441141 3.162510104409095
72.31173129983681 3.163615524202767
72.3117312998368 3.1646300518962485
72.14852788828529 3.1798718182161285
71.5464377960308 3.189175756866775
71.46215178372803 3.2008838081601585
70.38782148739769 3.220498254281536
70.28280170405282 3.2273546207736543
70.2828017040528 3.2322525407905376
69.18903715780162 3.2503323315722352
68.7609071575793 3.275667181967532
68.39363437647268 3.301199028291376
68.5181884466492 3.310279886652701
67.29957144976021 3.323634333697271
67.29957144976021 3.329589993912888
65.65337599699038 3.401292789942867
65.65337599699038 3.4086864533836625
64.57570637387936 3.448638385608583
64.57570637387937 3.4662671762616823
64.57570637387936 3.4664487880644534
62.97424569446906 3.497228537890552
62.422281367930104 3.532199697287479
60.33717056088258 3.5542866222564182
60.3371705608826 3.5834519435533476
61.297479433407844 3.612400044779963
61.09464379599003 3.6258323172036384
60.5974604732741 3.690373163038749
59.97915203624238 3.7114154420643812
59.840851376381465 3.728212132154896
59.84085137638147 3.731063684863115
59.840851376381465 3.7311219735084222
58.398423162925724 3.7796293358985893
58.39842316292571 3.782029420595738
58.39842316292571 3.7839739420224943
56.20747568746533 3.818886781754825
56.32317374283395 3.831692129395398
56.32317374283396 3.8355796151269606
56.32317374283395 3.8412639412164964
55.5797104280444 3.874010141083138
55.57971042804439 3.8748641679415936
55.5797104280444 3.8766133098061832
55.5797104280444 3.879781825178027
55.662276530005954 3.894481948705215
55.269627569488016 3.910463396384518
55.269627569487994 3.912393313776181
55.235722312206434 3.9605916114032342
54.96954973025997 3.981623896226601
55.05268963657247 3.986243410650672
53.78861434001722 4.023703084891277
52.82851700265912 4.0502564873461395
51.09401863620281 4.081487433921621
51.09401863620279 4.084955709935721
51.09401863620281 4.100236483439606
50.04349254203291 4.115630033211744
50.10583246599077 4.1297723211666515
50.08189899398867 4.141462515735481
50.08189899398866 4.151701985401884
47.80905012964051 4.206512969270882
47.809050129640525 4.2076685927934285
47.77193532955002 4.23933725990374
46.78421291132782 4.312873486385314
47.31068524455143 4.344339490047724
47.556790767347735 4.386133951949479
47.45202022728698 4.3906384259880475
46.39415861197166 4.420290749176321
45.79546505229068 4.427811376951724
45.34139687183652 4.434964211795025
45.34139687183652 4.453057235984005
45.08857324972987 4.47554021943777
44.78550021140276 4.4792943078554845
44.5520806215318 4.483394746176192
44.55208062153179 4.502909416605593
44.55208062153179 4.507261615846772
43.99368505438139 4.5086442995008325
42.52320625570328 4.551013869963998
41.31656250714626 4.570491925780525
40.84006026728704 4.5948234062470465
41.15847711459685 4.614954129092434
40.90427508206336 4.654602149613752
40.72424340691539 4.674812691041966
40.72424340691539 4.6769428401259745
40.34904582062302 4.704389151044802
39.82221699057853 4.76833055161825
40.08487019916849 4.792509073428503
40.08487019916849 4.798787529743118
40.0848701991685 4.80432763926691
39.515673921670015 4.819416453434063
39.53703499022159 4.826929677181371
39.364525439258486 4.839519175947411
39.551261858417654 4.839898538599927
39.55126185841765 4.843416897811583
39.57798434612199 4.858199909328804
39.577984346121994 4.867105845461754
39.46568470889484 4.868990857366705
39.46568470889484 4.876260519285516
38.6488458607863 4.8983346589404
38.737678523222 4.909784540234565
38.902848262846625 4.926449663948511
38.70299513821873 4.9270738835927785
38.48918629604914 4.955355573792188
37.98196753874819 4.96793807432607
38.63372811925467 4.993960165340847
38.121415841750334 5.000172022102909
38.121415841750334 5.001364390377256
37.02499579237291 5.049444462105523
36.40425723566194 5.084658311503737
35.81607218167513 5.0913686411259915
35.746035044302126 5.127616315939921
35.746035044302126 5.134861372770405
35.371484577536776 5.139016473511566
35.371484577536776 5.15643125852829
34.417082210751765 5.180328408527506
34.41708221075178 5.194216404458474
33.57410276710621 5.2456911631140635
33.57410276710621 5.258850703195975
33.151337838387164 5.287604557119967
33.34305406601105 5.325596329259199
34.469246442547934 5.347040762661717
34.11547521340748 5.377883158417113
34.11547521340749 5.382360483415212
34.84074022404019 5.418408829222565
34.797484803049066 5.4398809385340305
34.79748480304905 5.448444511529167
34.79748480304906 5.4583339426850985
34.317619920312225 5.497787143782138
34.317619920312225 5.497787143782138
34.30608839083839 5.523098192924986
35.1311240335907 5.55106999534183
34.55051921353787 5.571184469683749
34.27346108375317 5.591628356411475
34.27346108375319 5.601311818292682
34.26966622006516 5.609816106208125
34.56478002135947 5.6348533180923255
34.71722920754491 5.641712593170354
34.71722920754489 5.6453552150961315
34.09826812404517 5.6926510634710095
33.88682519838169 5.6974710291572395
34.68473519650368 5.762830003679593
34.6847351965037 5.778086800120589
34.04821195227694 5.80067201215711
34.048211952276944 5.801995638121378
34.20478738004627 5.815053423303964
34.64339896555054 5.823757082421784
34.64339896555054 5.831031444893811
34.57130613351347 5.875755455278411
33.77959978367271 5.894495806673352
34.05162408796728 5.910197585379525
34.2064748500505 5.92323678115218
34.18658056525686 5.961434752782944
34.39238804618878 5.967052671207899
34.25926270168728 5.990838040986949
33.640456911201305 5.99905140865372
33.66984159198082 6.040366467908129
33.66984159198084 6.045071524769574
33.11033198961579 6.089386854117249
33.0178574167196 6.097239628623875
33.01785741671959 6.0994407764404635
32.800881910510654 6.10611215240071
32.42770433463302 6.132813879172452
32.15308856809938 6.176792452480682
31.22132382785498 6.192525419978841
