93.1141901089945 -1.567359914204909
93.37263823373237 -1.554075477252092
93.38915093340583 -1.5342677321396783
93.38915093340583 -1.5335254586694518
93.3811183044709 -1.5147494757807063
93.3811183044709 -1.5069103201992509
94.10120570330437 -1.4801364395941512
94.13603391250231 -1.468840843922287
94.09460933789958 -1.4565419988334574
94.21261682006067 -1.4502759960257312
94.34917524771461 -1.438468358098343
94.03876731186668 -1.4345224556579137
94.04716760903622 -1.4188813923924504
93.99103938377962 -1.409421216374205
93.99103938377962 -1.4019999323646293
94.04409310386373 -1.392385827443856
93.80790468703665 -1.3830689739783177
93.72203778579535 -1.3707587651662194
93.57430637442806 -1.3644724327651794
93.31728458085186 -1.3487144248894165
93.24624362117194 -1.345992488563079
92.50973895635887 -1.3233766595659195
90.82934009864766 -1.303958797617193
90.82934009864766 -1.3015139838891085
89.86751950796511 -1.2668612592681079
89.8675195079651 -1.2664732017580582
89.17571187672074 -1.2574313200775293
89.32772255369437 -1.2467309617179692
89.32772255369437 -1.2426080930931669
89.2084322357847 -1.2359174238447146
89.2084322357847 -1.2356237596581636
89.2084322357847 -1.2262281564082051
89.2084322357847 -1.2229079355149013
89.2084322357847 -1.2217177255584333
89.2084322357847 -1.2210810364283888
88.5667370575147 -1.1963423303858234
88.56673705751473 -1.1951075311315136
88.5667370575147 -1.1909456872934625
88.5413403318965 -1.1832070030955604
88.4411553634098 -1.1757177681838218
88.56603047986934 -1.170684618825327
88.32800185644913 -1.16503346059076
88.32800185644912 -1.1630902890276515
88.29032152644012 -1.1550255499508628
88.2012672148401 -1.1284221038181517
88.36879779161934 -1.1209303873033423
88.18017075231612 -1.1188343294338579
88.1801707523161 -1.1181028962161597
88.1801707523161 -1.115278619974034
88.51985248479792 -1.1023792786010613
88.93505911015231 -1.0842519565727062
88.74850965497754 -1.0487444506975638
89.2113958977611 -1.0350771444357563
89.02441446303065 -1.0329052661425089
90.19671867236795 -1.004591218238076
89.66663505448388 -0.9954512750813809
88.95272614417748 -0.9513455626869535
88.20714421112315 -0.9195868913498689
87.90977707414419 -0.9122641382287674
87.79540646087082 -0.8840353567391891
87.46228850461029 -0.8677358599023806
87.21218008833108 -0.8625642209850077
87.21218008833108 -0.8556342000212953
87.58697257307274 -0.8481429186230622
87.58697257307273 -0.8468591192802144
87.58697257307274 -0.8433043686455556
87.58697257307274 -0.8371653426765062
87.47245991754889 -0.8308214428190255
87.20670397643744 -0.8106453229416104
87.15742047334906 -0.7956542140391154
87.15742047334908 -0.7853981633974483
86.7907308030305 -0.7615931372123782
86.3712888359406 -0.7430953731271784
86.17777696066909 -0.7226534081718343
83.10612623017826 -0.6661746183579431
81.39491709259926 -0.593503098128606
80.45392388203574 -0.5739190277247074
80.12884308027374 -0.5483663528461294
79.64555850302462 -0.5255154548651861
79.74709390207444 -0.5085425467099021
79.83447024826415 -0.504769316057803
79.83447024826414 -0.4960042850236734
79.8173069448093 -0.479804192269788
79.69384657575824 -0.4544735544556959
79.69384657575822 -0.44424968964505185
79.76651378677055 -0.43801220047912853
79.76651378677053 -0.42991263242588174
73.45561135711807 -0.23374318086890142
72.42294904113102 -0.2209999439830684
71.29345373093345 -0.1381282282273621
70.58728245711833 -0.11942892601833857
70.0935337124262 0.022417768511335045
70.12968600516433 0.05018613427414287
69.85823324221141 0.05823006040875219
69.85823324221143 0.06484402755320677
69.88887696762121 0.1293191015918811
70.23015232773032 0.14189705460416385
66.36546432117483 0.29618794197296544
66.06648586612654 0.303734485842587
65.14561998715955 0.355898765472412
64.40441583355313 0.38852045309004385
64.12018173910732 0.4126939686666255
64.12018173910731 0.4299525016547896
64.12018173910731 0.43207915251302825
64.62519743711009 0.5197218194218376
64.72087461583207 0.5469660515909188
64.2778174249074 0.5813801838048996
64.14377982913405 0.6009515200526915
64.10525436748668 0.6079733169962999
63.626000681442775 0.6424940597882984
63.367040246929285 0.6830176531473491
63.23616689780367 0.6864317579818596
63.663901470758944 0.6929472333357094
63.42395449409877 0.6992807498201806
62.26154961007968 0.7712147174061393
60.51912902725978 0.7924403005057601
60.5191290272598 0.7929737760486435
59.259244927104355 0.8505233267318338
59.571542635810744 0.861586283571836
59.81140087216276 0.8935021986298644
59.920352122953624 0.9107221498889948
59.920352122953666 0.9240379005316063
59.80063508037152 0.9385999779243449
59.80063508037154 0.9459754440847568
59.993727562179735 0.9698448067422051
59.99372756217973 0.9759162525910977
60.32478849454529 0.9813792970335631
60.32478849454531 0.9871605077177357
59.90867579642647 1.0761324146484534
59.90867579642648 1.1048913852851003
60.38633627586755 1.1234642862342739
59.127020528053784 1.1520358042375625
58.7532777751306 1.1952257437560714
58.7532777751306 1.2057292314328936
58.51142264640079 1.22738850923374
58.49924146458798 1.234912437904987
57.87924278975773 1.3167387950922234
58.36446026264287 1.3346446727409802
58.36446026264287 1.337551153852952
58.36446026264285 1.3431723964199878
54.96019238886917 1.4500000360863516
54.96019238886916 1.4662069923132757
54.721390976376014 1.5065573513536068
54.05515212311552 1.565331900310409
53.80181630588771 1.5765105503140935
53.80181630588772 1.588976141867875
53.83354975367987 1.6240005063383873
53.806149635388394 1.6321716589087134
53.806149635388365 1.6373644905707205
53.80614963538836 1.6449458464535174
53.250472504524765 1.6614562139956417
53.411395609078355 1.7143115029641534
53.00995407331868 1.719393448644096
51.6136965859087 1.7349499796622843
50.843521759204684 1.7750099628122622
50.370953184327476 1.8051209029471276
49.693829696393934 1.820637188234549
49.451610594677376 1.823550882962828
49.451610594677376 1.8349184537140648
49.451610594677376 1.855373930227862
48.20508341671066 1.8925468811915391
48.20508341671065 1.9042650947939328
45.461914810892964 1.9576720445259248
43.64591313524979 2.0056978627820237
43.29980658779432 2.0378568918272415
42.28272297518744 2.0628274783626357
41.984814713802464 2.102928723961592
42.14734815989096 2.1158347318625372
42.297237514158674 2.1302352725037044
41.9260472136703 2.1609130920974455
41.9260472136703 2.1701363130433413
41.9260472136703 2.175494966913052
42.27306498230904 2.1927180520216507
42.08478216401407 2.2221712886122815
41.63537790529425 2.22787126250655
41.63537790529424 2.2355708216122423
41.17089723945199 2.310249834384225
39.584899492291505 2.323597345074392
38.93695474079 2.4355728047519185
39.52223137829428 2.4604661021200003
39.522231378294286 2.4682234526183326
39.949524148612284 2.5111912321162864
40.06649972444176 2.5473789497893593
41.12318045234933 2.5602124697848936
41.123180452349324 2.5606156955694916
40.732606021900715 2.579225458563903
40.732606021900715 2.5806104992294903
40.0472833352638 2.6486374776443813
40.0472833352638 2.666362550980331
38.65554772728868 2.6744114903911256
38.356435015651385 2.7207204925992796
37.0040232313979 2.7908647053415896
37.004023231397916 2.7967248308088584
37.575652809860316 2.8045371718689593
36.93586589776607 2.8555412118724752
36.93586589776607 2.8671440666889554
36.72608529335809 2.88737210941811
36.04639301433978 2.9176881534594443
36.04639301433978 2.940795746312671
34.77944045322895 2.999695598985629
34.77944045322895 2.999695598985629
