91.13587801004022 1.4384683580983433
91.13587801004019 1.461690694756026
91.13587801004022 1.471467926076926
91.13587801004022 1.485096101345282
91.41961084845421 1.5196464422750822
90.5014638335044 1.5943609876292557
90.27489483934309 1.615748722559549
90.27489483934306 1.6209215281866847
89.51604529333503 1.6397776132998363
89.56246082874566 1.64091529677491
89.47924953236965 1.6438368920980162
89.47924953236965 1.6553400823078945
89.47924953236966 1.661456213995642
89.4334651167383 1.6714998185165202
89.78599497071556 1.680672298127738
89.60644908425623 1.7008009787452423
89.2929112165194 1.719865389573533
89.29291121651936 1.7231642029037566
89.50890486512876 1.7273982037769127
89.24898190765569 1.7307094499531157
88.70954001697865 1.758523679611475
88.89996772326556 1.758858824309625
88.89996772326555 1.762935693263472
88.91266894531879 1.7890802130036185
88.91266894531879 1.7898393841366076
89.44889995378952 1.8132433497607519
89.21473497668701 1.8302667289872616
89.270428824605 1.8383547109310125
89.27042882460503 1.8427015820535964
89.30316194600107 1.8458716763839558
88.4632491587596 1.8668516031854097
88.4632491587596 1.8670746846808157
88.24873000102365 1.8881123204603565
88.3986301097179 1.8991257336445546
88.31998392331437 1.9017844937120305
88.05193981614124 1.910283380289851
88.0040586223173 1.9210479333833508
87.79084490153637 1.9426188874560513
87.79084490153636 1.9437840485949582
87.8254851687946 1.9545515553746178
87.82548516879457 1.9561402611949887
87.71793525440158 1.9691461503328753
87.71793525440158 1.9711591585380983
87.63906621273202 1.983796043515591
87.61209608914255 1.9924518285743336
86.76464433910476 2.019519670805618
86.76464433910473 2.020226884266215
86.73554210010343 2.032849040816272
86.7355421001034 2.0390663990203617
86.82658710818185 2.051819754028193
86.82658710818185 2.055787163976376
86.56718427080389 2.0800974707969075
86.57299088753317 2.103474046253634
86.60309884028854 2.118820243219174
86.2563646849078 2.138071395792574
86.14688542547717 2.1461413785084122
86.14688542547717 2.151648898970949
85.835661211271 2.1656414432975275
86.15113637226706 2.174026179719581
85.6631709430596 2.1893915545679423
86.07223096132063 2.2093010460444376
84.90096131048537 2.2437673593621543
83.45031519315768 2.2630581345525194
81.14423517840466 2.3290272627880224
80.90609657582667 2.3397124663573425
80.92141906643187 2.3508753914208285
80.92141906643187 2.3616889403955614
80.7105483166977 2.372497393511008
80.75719749720065 2.388615558307773
80.75719749720065 2.412631668504048
80.42569323887511 2.416560617474314
79.98394907117346 2.451411307875656
79.78795446405606 2.469833217141055
79.78795446405607 2.4723361170723344
79.73048130544137 2.500437122981232
79.73048130544139 2.503687009980343
79.227574285903 2.5194998517223723
79.22757428590297 2.5286223838952893
79.25672463549384 2.5439025167232447
79.25672463549384 2.5546950219682056
78.82332706603515 2.5955631139972972
78.82332706603515 2.601173153319209
78.61660263251817 2.6268431890786577
77.37426548593368 2.7738387734329137
77.7203191756887 2.7851166098563844
77.72031917568872 2.7910542428677516
77.36632750724048 2.7977868524996357
77.36632750724048 2.8276544402532515
77.20040619908933 2.8513277536607493
77.20040619908934 2.85828468921434
77.18589725308901 2.869184731446122
77.09069768354647 2.8834167871419716
77.09069768354647 2.8838570770274945
76.24414406431609 2.9242992226667717
76.24414406431609 2.9379763341711183
76.50654394670545 2.9845260926263535
76.50654394670545 2.98800022581994
76.50654394670545 2.9917049014820627
76.59980072677163 3.009830387111867
75.6754349973728 3.034434980684374
75.74941022696221 3.0600617262676
75.74941022696221 3.062261586844972
76.22909157922972 3.0828368308740703
76.22909157922973 3.0867952466166777
76.1426821476386 3.096724826805037
74.70581457276604 3.108429461087228
74.35641311037917 3.145674263576788
72.43718624382666 3.178919706225109
72.01694191651127 3.18546691898143
71.84811785316988 3.20427194808103
72.24858682322042 3.2243724832532745
72.24858682322044 3.226408925787692
72.06850979915846 3.240792042858713
72.06850979915845 3.2512827570768144
72.06850979915846 3.2522498747636877
72.26660568360604 3.2738630501052866
72.26660568360606 3.2847917907914304
72.26660568360603 3.287468467039396
72.08318803881839 3.293257407311407
72.13000292343543 3.300729379388483
72.17546194724409 3.3240886538378267
72.01269465945717 3.3493148687217125
72.01269465945717 3.35529998027786
72.01269465945717 3.35876980544357
72.55046208574998 3.3836156602988336
72.62386050594732 3.38768614345659
72.19072171840745 3.39587818346453
72.19072171840743 3.400240286587024
72.42173630604287 3.4092722535197324
72.32046611169694 3.415626646816208
71.56459520848729 3.4317445336278176
71.33370406246848 3.448638385608583
71.33370406246848 3.4551016363485525
71.29911055328431 3.458228163082306
70.22953043398225 3.474066657519048
70.51433554235015 3.4831146426015938
70.06679759676005 3.48931139519799
69.71156104969151 3.5061741406551605
69.22051842490595 3.5081311634782444
69.3202972116537 3.513773598638714
68.96842792847578 3.5212893142799286
68.9684279284758 3.528149086529627
68.90777440848052 3.543173193698669
68.90777440848052 3.54527084823766
68.46717457355403 3.5464844398748765
68.46717457355405 3.547832147953799
68.46717457355405 3.5487701501800393
68.65890196504695 3.5553900568498413
68.39227381537009 3.569608070877514
68.39961127776972 3.5729933801553453
67.72250544833591 3.59347609944084
67.48028935221282 3.599369488551591
67.74406206653317 3.602951937065378
66.48510017372436 3.6419742145003826
66.05898458906567 3.6590803945638997
66.16293021632237 3.669334544662266
66.16293021632237 3.6720951236062724
66.91440402600314 3.6836355290577
66.8036840987558 3.722483001528898
65.65407947447115 3.743642864324886
62.61911296768627 3.7899246426770534
62.83001574271216 3.82174730935847
62.46759691560345 3.8412639412164964
62.46759691560346 3.8438495850987997
62.49978425208021 3.866912826685854
62.499784252080204 3.8755656089692643
62.49978425208021 3.8770324212652967
62.10070257615334 3.9133862142094658
60.69420053142388 3.934032954095553
59.14113290693399 4.006820802699478
57.88631261575246 4.033726489636377
57.886312615752445 4.036783734141263
57.54207930906816 4.05903057860188
57.54207930906817 4.067894823258451
57.54207930906817 4.0766568606768505
57.542079309068164 4.0824428286270535
57.79387081080315 4.104781045979918
57.11283696511042 4.119492451797221
56.23783216803541 4.129110751136734
56.23783216803542 4.138084150209988
54.98131205611916 4.17558610087365
54.981312056119165 4.187091200744625
54.296681362605845 4.199685153532909
54.296681362605845 4.202951298972275
54.442452230471375 4.2125454877568504
52.12948942365125 4.278705152763241
52.1621247282055 4.326333270669949
51.972456369538435 4.339401258584628
51.97245636953842 4.355768844433258
51.22382444536059 4.421516639376218
49.45554910303684 4.450566581109255
49.455549103036816 4.460024927164731
49.374268010496955 4.493045725779503
48.76523491118796 4.509543883200596
47.44233537451962 4.5650768162561
47.067882370478706 4.587218990093353
47.188164728955144 4.607188730964136
47.188164728955144 4.6093073718619895
47.18816472895515 4.616388690015205
47.18816472895512 4.629774896576043
46.81056507681302 4.65285676030944
46.37689143404744 4.691983649698152
45.4914269312266 4.732794311071228
44.76611233306404 4.747835120643404
44.59129371541116 4.787079709206488
44.591293715411155 4.80564289548947
44.397612056089805 4.823046201558585
44.39761205608981 4.829097564908887
44.397612056089805 4.8323771904610435
44.44884819928951 4.860238345643445
41.120117100418945 5.007240194955228
41.120117100418945 5.013837755922113
41.218221563274696 5.034139534781332
41.271096391767486 5.064586975350503
41.276287561186706 5.105446999566621
40.97208293685525 5.139016473511566
41.444474439517556 5.186069697532869
39.90453346656948 5.268555210505141
39.26638421559972 5.285142221424366
39.38417609799806 5.330685343851032
38.94468602009947 5.357537534145533
38.94468602009945 5.3666754952995905
38.793638865370745 5.398118491290976
38.637857248447034 5.418408829222565
38.63785724844702 5.423456256614473
38.637857248447034 5.4353683337861805
38.1230852205975 5.46446614790389
38.51758851094391 5.47426207279692
37.4279233902439 5.497787143782138
36.74622033198388 5.536229733803326
36.746220331983864 5.542700739251926
36.358430657944375 5.56086126167905
36.25701280103875 5.571726181440078
36.63689745149016 5.584525482458123
36.70686550598358 5.594704771576501
36.65029518658613 5.604052006673217
36.65029518658613 5.6049024671343695
36.65029518658612 5.6122274490522015
36.16926397781056 5.645355215096132
36.16926397781055 5.6478141005662446
36.128232568766755 5.659408498965151
36.93469746484351 5.683135093777833
37.452775443477115 5.708880477004884
37.35631413759114 5.722203152819284
37.113760982566234 5.732202819505948
37.340904316039456 5.739858838353257
37.34090431603947 5.740120310435152
36.909519003959936 5.776086802787249
36.90951900395993 5.77926644231018
36.90951900395992 5.780687997310223
37.17481428192036 5.807955204570124
36.76303285403738 5.815422495071669
37.01987149054222 5.8314893203196885
35.76579556405634 5.886574905072177
35.76579556405635 5.893637585119553
35.2876100608322 5.9074332524069755
35.89502646770201 5.9488567997706605
35.87868563153828 5.966242408049635
36.19687489429056 5.980912808599472
36.19687489429055 5.987744470035866
36.19687489429055 5.990838040986949
36.154841050111585 5.997133865462267
36.154841050111614 5.998227956929432
36.1548410501116 5.999693586834131
35.89768457855717 6.044575984671385
35.49200395531276 6.0671003348828
34.58582080895366 6.102566696595318
34.961666107578964 6.106112152400711
34.96166610757897 6.107447010494219
34.869507316809205 6.1534827700236745
34.22905518479569 6.17252808600569
34.2290551847957 6.180741453672462
33.84526916973636 6.192525419978841
