94.59851217431572 1.4016951007935194
93.1421695290591 1.4919224943222167
93.0172127756449 1.4997297678107762
92.81408749397401 1.5124434049437552
92.69368389242338 1.519992622736675
92.37392045390146 1.5400892583648345
92.0516166000064 1.560416076796157
91.94140154990922 1.5673833707633573
91.50562775852292 1.5950130450110507
91.16502247043505 1.6167004524688835
90.8560204369138 1.6364457953767229
90.77142965999114 1.6418628857790178
90.31002522379991 1.6714998185165202
89.77805946599624 1.7058575503772895
89.51930380221819 1.7226433017918659
89.39190658548141 1.7309255260085266
89.12382365227087 1.7483924940783844
88.99034979640965 1.7571085966459705
88.63074639197674 1.780656615019863
88.57979438391337 1.7840008461843517
88.4446824703589 1.7928782287003777
88.16066030807839 1.8115838996245532
88.083391326943 1.8166832548854472
88.05801461011535 1.8183589634989161
88.05683425551153 1.8184369179733455
87.42008751602765 1.860642816706516
86.77587572922776 1.9036575350891454
86.40976032191112 1.9282459938708634
86.21297142004316 1.9415054994194438
84.73136518983421 2.042317788819803
83.58907312804455 2.1212531311285527
83.43133822837594 2.1322376970117887
83.33102914119578 2.139233970902275
83.15332688197215 2.151648898970949
82.80101983352175 2.1763409903998667
82.36134024166557 2.207304542582847
81.98551257488506 2.233902766445386
81.47929060678649 2.2699226781911683
81.44846247360648 2.2721234584788697
81.24854587749509 2.286415491927901
81.19858020614376 2.2899930297370847
80.8915564858772 2.3120243429469003
80.78946057097774 2.3193690404635134
80.59201525635002 2.333599466105646
80.05477028596891 2.372497393511008
79.80236134778212 2.390862675401845
79.45050905608474 2.416560617474314
79.24486993064941 2.4316324560638822
79.09738256035189 2.442466302193523
78.59050634950225 2.4798540745591335
78.58110931899003 2.4805494847391074
78.46529659410479 2.489126829782112
78.0447066409129 2.520383475003328
77.94393597128294 2.5278973808701295
77.14778868018902 2.5876054648724836
74.96733217432833 2.625156559809202
74.52219189433652 2.6471018341760537
74.46532070641123 2.6499150046291398
74.32398383731854 2.6569156403427776
74.01070073171117 2.6724806181044993
73.86224804409582 2.679879278153617
73.56319297510137 2.6948289935206056
73.44591719109415 2.700708187425276
72.85770750635993 2.73033828084154
72.40885892772036 2.753109650877981
72.04141674794036 2.7718563654185306
71.87479415581484 2.7803888980961116
71.74545965234279 2.787025601716566
71.72973471249645 2.7878333308894394
71.48138360276681 2.800613700093443
69.98760787101406 2.878434175389952
69.90198502091086 2.8829450205925617
69.83262399282745 2.8866032014192147
69.66346923042722 2.895539877019935
69.33804252030603 2.9127938082025686
68.37317794550081 2.9644304198872273
68.27056829430256 2.9699645852089134
68.08087366477216 2.9802175431691023
67.81425146100001 2.9946768205467826
67.69684956247357 3.0010617183543538
67.22398650008843 3.0268909650855758
67.16818159478882 3.0299511807652255
66.9581502938778 3.041491662171829
66.74121537328436 3.0534495395986543
66.6981015664649 3.0558306864059315
66.4644789531237 3.068760334847596
66.25063226302277 3.080635403500219
66.1832269762825 3.0843864164106325
65.88093275908481 3.101255800292707
65.57617796176432 3.1183410307793302
65.40417783034064 3.1280188266714237
64.14369055136966 3.1997281289905497
63.778077087022 3.220791724559244
62.925054325871066 3.270409058943969
62.77054410421318 3.2794682821509054
62.578896754356876 3.2907359581738542
62.185168308691004 3.313993419820753
61.41793338238279 3.3597399511020782
60.296502567727 3.42764409530711
60.15023538965406 3.436593737023951
59.81316823567533 3.4573009854457344
59.76615309669627 3.4601985642639908
59.168561082390724 3.4972285378905523
58.79727892078122 3.5204239903926995
58.78646100365842 3.5211020220594267
58.68017940557998 3.5277700474119875
58.62653290025439 3.5311403756498247
58.382916165069354 3.5464844398748765
57.88226296182255 3.5782198134033343
57.671427845006406 3.591666435672229
57.34784106706265 3.612400044779962
56.885002360381904 3.642260378464529
56.70866069199592 3.653701136105171
56.43068127346702 3.6718084263664217
56.07629480821015 3.695022572131592
55.717502586580785 3.7186752543978145
55.664082868301215 3.7222098670442665
55.00948816663112 3.7657999025489937
54.865036161993544 3.7754889350189655
54.56933574260874 3.7954026755293206
54.42066859057174 3.805455363841027
52.40713133204896 3.944380368276572
52.220650809894394 3.9575156839044427
51.77739431835228 3.9889270015380456
51.59350093770645 4.002037580583682
51.01419818518196 4.04364625242831
51.00792287475891 4.0440995615541055
50.24676116753315 4.099501324593918
49.93104008811066 4.122728003564708
49.8494644603521 4.128753161307529
49.66926209289554 4.142097890123811
49.53440275545845 4.1521164931501655
49.21674818645464 4.175823025586389
49.066475846384876 4.187091200744625
49.03678945038331 4.189321317613407
47.97462898427043 4.270014757407944
47.22279524584511 4.32821961599209
47.040360414295534 4.342482912928132
46.59005536234901 4.377927246224621
45.89684973351731 4.43316596060783
45.29663924286224 4.481672424656562
44.13116223457426 4.577725072691685
43.39549648927185 4.639669751831436
43.27947459842978 4.649534819959118
43.213845692330885 4.65512680853728
43.159007025724925 4.659805918773748
42.94736872851811 4.677919879385182
42.63573473823485 4.704755540867197
42.466836950657154 4.719381873390023
42.46206166280264 4.719796252315855
41.496405559474155 4.804564017941152
41.38940623787215 4.814077832147765
41.30675451262096 4.821443638827926
41.21145902933327 4.829954554522324
40.99088139089324 4.849730257851624
40.16075318695641 4.9251207610763
40.08781092148937 4.931819540734372
39.9097096598728 4.948227130255758
39.87506670685541 4.951427119333158
39.44017260981346 4.991836744511062
39.2553553777541 5.009144741162409
38.94010640324818 5.038856480929738
38.88379087275774 5.044189447674366
37.66304925059065 5.075999883911318
37.54157667796 5.110493540576061
37.52510338817349 5.115179929424338
37.47971499910752 5.128102854986837
37.37110758533531 5.15908905957909
37.224909812273744 5.200942470405735
37.214538485511994 5.2039178087496705
37.10848752083296 5.234389511236637
36.991361783282436 5.268144701497003
36.850473823223396 5.308889962904515
36.708115222039964 5.350219072468141
36.65926903015476 5.364436889610586
36.6337424964096 5.37187451809634
36.62839883362927 5.373432149235375
36.44402282872398 5.42731579920334
36.411370061533944 5.43688693550415
36.35032685541033 5.454802883914365
36.32271221295565 5.462917562227348
36.24037541045265 5.487149247206595
36.20428789843577 5.497787143782138
36.131454978072064 5.519289205768369
36.12269303176245 5.521878867207059
36.00791241981523 5.555861303345091
35.98222270133836 5.563481945334603
35.27960584989705 5.609816106208124
35.25539307867012 5.613213804149063
35.24341231311503 5.614895888349002
35.23797657960105 5.615659246979353
34.76644696268465 5.6823299409727515
34.76079123653944 5.683135093777833
34.46349269162313 5.725644192499238
34.32149629893097 5.746077053085206
35.40436384667735 5.769386735542213
35.363653887083466 5.778086800120589
35.188723954078995 5.81558514959203
35.152920650212046 5.823282999018615
35.15071684219034 5.823757082421783
35.01159697813526 5.8537448819501225
34.887081571990876 5.8806858608280805
34.82342674875469 5.894495806673351
34.805398964843775 5.89841153065146
34.743893298595275 5.911786146394338
34.5403056898222 5.956226466543872
34.51652400189389 5.961434752782944
34.4908902382718 5.9670526712079
34.36724385954715 5.9942098971870195
34.30337791243137 6.0082754656989135
34.17779957125158 6.036008845393615
34.112945466337635 6.050371494072852
33.98770263579593 6.078185331176012
33.67150944039646 6.148863865226618
33.61181165254033 6.162282542876894
33.485883134964624 6.19066668605994
