78.93429443131956 -1.1863477887635419
78.93429443131954 -1.1860225502667707
77.94173140756939 -1.1797787740890704
77.94173140756939 -1.1725182006936126
77.94173140756939 -1.171079138566712
77.94173140756939 -1.1707746318769765
77.94173140756935 -1.1547318210710737
77.5545348922482 -1.1529570568808876
77.5545348922482 -1.1401038154083887
77.5545348922482 -1.1379512972076256
77.5545348922482 -1.1366186415680644
76.97233583846256 -1.132784126315768
75.90856820309284 -1.1262105335203594
75.90856820309284 -1.1251416344485365
75.90856820309284 -1.124690777851493
75.90856820309286 -1.1240962476004954
75.90856820309284 -1.1220729827841758
75.90856820309286 -1.1093368981090905
76.68409109450029 -1.1054334536100607
76.68409109450029 -1.0977446063139469
76.68409109450029 -1.0902011879876856
76.68409109450029 -1.0872083411598314
76.68409109450027 -1.0817500236720634
76.97233583846256 -1.081513309272413
76.97233583846256 -1.0782035747245995
76.97233583846253 -1.07466916900659
76.97233583846256 -1.073742127462573
76.5033866315078 -1.0607105273305528
76.5033866315078 -1.0595656145171068
76.5033866315078 -1.055968507729563
76.5033866315078 -1.0534369884908577
76.5033866315078 -1.048795795942949
75.77169313779955 -1.0463541619193015
75.77169313779955 -1.0361074228188574
75.77169313779955 -1.0348113872554958
74.55171679786221 -1.027670473185884
74.55171679786223 -1.0188261851214107
74.55171679786223 -1.0127419705254521
74.55171679786221 -1.0115505991302498
74.98212012940382 -1.0034654246267902
74.98212012940381 -1.000505236534018
74.98212012940382 -0.9849535471027355
74.98212012940382 -0.9805565905141185
74.98212012940384 -0.9804184308023698
74.98212012940382 -0.978756060128542
74.98212012940382 -0.9786096472452545
74.98212012940381 -0.974768213373293
74.98212012940384 -0.972575100837011
74.81580611268356 -0.9642571334332846
74.81580611268355 -0.9563742806739006
74.19347195189626 -0.9487035249274756
74.19347195189626 -0.947426726132015
74.19347195189626 -0.9426262143740172
74.19347195189626 -0.94242793936918
74.19347195189626 -0.933430110359488
74.19347195189626 -0.9320646571946412
74.19347195189626 -0.9123709530115274
74.19347195189624 -0.908233402275343
74.19347195189627 -0.9065411775553716
74.19347195189623 -0.9029098088288938
74.19347195189624 -0.9025069079643125
74.19347195189624 -0.8972884295691244
74.19347195189626 -0.8928261170021042
74.19347195189626 -0.8857790664804194
74.19347195189623 -0.8814868789148151
74.19347195189626 -0.8661048291890053
74.19347195189626 -0.86380850213609
72.96133497534214 -0.8538624189472799
72.96133497534214 -0.8436654663669819
72.96133497534215 -0.8391923669272978
72.96133497534214 -0.838445693158919
72.96133497534214 -0.8359878721668328
72.96133497534215 -0.8303117588672372
72.96133497534215 -0.828536851493472
72.833174311414 -0.8196704527482477
72.38521518350713 -0.802637834591978
72.38521518350713 -0.7999956666085084
71.12662328405861 -0.7853981633974483
71.12662328405861 -0.7853981633974483
71.12662328405861 -0.7853981633974483
71.12662328405861 -0.7853981633974483
71.1266232840586 -0.770584432285547
71.12662328405861 -0.7685930228824063
71.12662328405861 -0.7562093754046537
70.77059776948701 -0.7442449407560053
70.77059776948701 -0.7394535075893286
70.77059776948703 -0.7339729553794727
70.417686123808 -0.7262954797868606
70.41768612380802 -0.7197033618449836
70.41768612380802 -0.6820638381755537
70.41768612380804 -0.681126551469793
70.41768612380804 -0.6736211218629692
69.13328984437152 -0.6647744948173456
69.13328984437153 -0.6580904215265939
69.13328984437152 -0.657315320322408
69.1332898443715 -0.6568014127425447
69.13328984437153 -0.6551867204330519
69.70650285154454 -0.6477204930362879
69.70650285154456 -0.6420581083518464
69.70650285154456 -0.6387316696002553
69.70650285154457 -0.6190118628523391
68.79209940957226 -0.615279347981351
68.79209940957224 -0.6132073488745093
68.79209940957227 -0.604471702643327
68.79209940957229 -0.6014547068602732
68.79209940957226 -0.585405206791267
68.79209940957229 -0.5834640567978472
68.79209940957226 -0.5779019369622458
67.80926843590888 -0.5627372227610834
67.8092684359089 -0.5531091744264264
67.80926843590892 -0.547785849531977
67.80926843590888 -0.5464617228112848
67.8092684359089 -0.5425028305898435
67.09106552041307 -0.5283900053739166
67.09106552041307 -0.5262961456180382
67.09106552041305 -0.5102967877302653
67.09106552041307 -0.5088842167799742
67.09106552041308 -0.49993530313070317
66.45366780997061 -0.4933418486077156
66.45366780997063 -0.49027569618884886
66.45366780997061 -0.4881658555797571
66.45366780997063 -0.47599266084503067
66.45366780997061 -0.47479956302642035
66.45366780997061 -0.4664024229686631
65.8994200582512 -0.45765965661689284
65.89942005825121 -0.4423742229767449
65.8994200582512 -0.42765208293227763
67.52290397008731 -0.4266274931268761
64.89411124856002 -0.4251271191589453
64.89411124856004 -0.42247239238571543
64.89411124856002 -0.4165360925787479
64.89411124856005 -0.4074298519011748
66.27117406618602 -0.4060572869228488
66.27117406618603 -0.4048917862850835
66.27117406618602 -0.3977285850234498
65.2715912387416 -0.3930580191819325
63.95960013811054 -0.3916075436139782
65.92566853378355 -0.369736288171262
65.92566853378355 -0.36881721771265297
65.92566853378355 -0.36120375549368183
65.92566853378355 -0.36073788084767494
65.92566853378355 -0.3597756950578165
64.40706402401659 -0.3593051437632389
64.4070640240166 -0.3417478883697926
64.40706402401659 -0.3414524383094511
64.4070640240166 -0.3329232738353815
64.4070640240166 -0.3181534476090984
64.40706402401662 -0.3045108832021126
64.4070640240166 -0.3032341523286335
64.4070640240166 -0.3014487755374238
64.40706402401663 -0.298039583892258
64.40706402401662 -0.29485121457053876
64.4070640240166 -0.2898464899116198
62.90680754883496 -0.28921765804984323
62.90680754883497 -0.28540293337762135
62.906807548834955 -0.2682302859373271
62.90680754883497 -0.2651309733874018
62.906807548834955 -0.2646697719903775
62.90680754883496 -0.2595471687833929
62.276590324311634 -0.2529968188971266
62.276590324311634 -0.2508038399564526
62.27659032431163 -0.24635417807778498
62.276590324311655 -0.24264766501773766
62.27659032431163 -0.2301349491052304
62.276590324311634 -0.22776596574076008
62.276590324311634 -0.2122249811742263
62.276590324311655 -0.1996177784141348
62.276590324311634 -0.18784171041228362
62.27659032431163 -0.17693805615770322
62.27659032431161 -0.16952821145792152
62.276590324311634 -0.16675381247270132
62.32657600193169 -0.16592447244905717
62.32657600193168 -0.16398181680068835
62.32657600193171 -0.16051192548185902
62.326576001931706 -0.15431877592611892
62.326576001931684 -0.15115604926628712
62.326576001931706 -0.14189705460416377
62.642225718013684 -0.13658501957586686
62.64222571801369 -0.13577155694579834
62.642225718013684 -0.13466390769300438
62.64222571801369 -0.13432144195296852
62.64222571801368 -0.12516999029133694
62.49290617181528 -0.11793360003005192
62.49290617181528 -0.11550566803050345
62.49290617181528 -0.10786002567208422
62.49290617181528 -0.10639285469890365
62.4929061718153 -0.09468806279494973
62.492906171815285 -0.09263032800032603
61.724076272517046 -0.09065988720074511
61.724076272517046 -0.08648889991837476
61.72407627251704 -0.0736918188743487
61.72407627251704 -0.07304056530311921
61.724076272517046 -0.07084895954460954
62.17649841392888 -0.061533593349043375
62.17649841392888 -0.055704393651290485
61.50505647764531 -0.03348030765003944
61.505056477645304 -0.02761728588154211
61.50505647764531 -0.019105955118440873
61.505056477645304 -0.018724403174348758
61.50505647764532 -0.005987952383913237
61.505056477645304 -0.0055248056656727615
61.505056477645304 0.003773566993935413
61.50505647764532 0.0072991404436969515
61.48817648744241 0.023918882497910535
61.48817648744239 0.03266811240191583
61.48817648744237 0.03446910099950799
61.488176487442374 0.039527423616015
61.48817648744239 0.0419921072213698
62.11525173634811 0.042628188872086456
62.115251736348114 0.04694534826140743
62.11525173634811 0.05105049576101011
62.1152517363481 0.05740811463679977
61.58938703344683 0.06212092498838466
61.589387033446855 0.07271922855325398
61.58938703344684 0.07414951965862088
61.58938703344683 0.08857075374982588
61.724076272517046 0.09065988720074511
61.724076272517046 0.09683900526130727
61.72407627251705 0.10881220481724528
61.724076272517046 0.12004261112080171
61.72407627251706 0.12079629070854554
60.74081302371584 0.12135200057076367
60.740813023715816 0.1251699902913369
60.740813023715816 0.13072433516542442
61.47692058574407 0.13919070126573538
61.476920585744054 0.16219883346338249
61.16657159731006 0.16910122600137703
61.166571597310046 0.1696676911975849
61.166571597310046 0.18374453073912267
61.166571597310046 0.18953408658734552
61.16657159731005 0.19063890591409544
61.48817648744241 0.19739555984988075
61.4881764874424 0.20523239000620702
61.48817648744242 0.20783904438543424
61.48817648744239 0.21553415990412927
61.72968194651576 0.21608497229678642
61.72968194651576 0.22152880461674818
61.561289683885384 0.24613741115981236
61.56128968388537 0.24984086143965217
61.56128968388539 0.260031289582132
61.290899768755786 0.2670937997938703
61.290899768755786 0.2850438853832022
61.29089976875577 0.28790931231543954
61.290899768755764 0.2960051711695901
61.29089976875577 0.3105465414403651
61.29089976875577 0.3217505543966422
61.290899768755786 0.3260608725304567
61.29089976875577 0.32732152740350506
61.29089976875577 0.3376643302452492
61.290899768755786 0.35636875335240314
61.998158249238166 0.36376785243847143
61.99815824923816 0.3671738338182194
61.99815824923817 0.38921557891854686
61.99815824923817 0.40489178628508354
61.998158249238166 0.4148540967930542
61.975829645173874 0.4360537653809689
61.97582964517387 0.4535469424154844
61.42624350392478 0.46150628465053584
61.42624350392478 0.4667435743413557
61.42624350392478 0.4761992510703735
61.42624350392478 0.4902262157336689
61.47692058574407 0.504310407527549
61.47692058574409 0.5043774226728714
61.47692058574409 0.5136816877620353
61.476920585744075 0.5197218194218374
61.47692058574409 0.5204221662974335
61.84618616451025 0.5346325278344819
61.84618616451023 0.5356876743876338
61.84618616451022 0.53710825409438
61.84618616451022 0.5427976170716612
61.84618616451023 0.5545862029947805
61.84618616451025 0.56236719502589
61.846186164510236 0.5867122816830216
61.84618616451023 0.5908461977788158
60.609647843925856 0.5920402666663547
60.60964784392584 0.6024663971625943
59.97260043359939 0.6111277321458154
59.97260043359938 0.6194507641079434
59.97260043359939 0.6235607321590255
59.97260043359938 0.637238142665617
59.97260043359938 0.642058108351846
60.883063366130735 0.6483319890872606
59.59058702751415 0.6523853765209396
59.590587027514154 0.6677178270094384
59.59058702751413 0.6685854519776496
59.59058702751415 0.6709011366299983
59.59058702751414 0.6826682959787786
59.590587027514154 0.6960841704042262
59.24116449677754 0.7080877692179567
59.24116449677755 0.7082321058098888
59.241164496777536 0.7158587307161552
59.241164496777564 0.7245596302149783
59.241164496777564 0.7306583833475674
59.96683050858762 0.7368252880913158
59.96683050858763 0.7385574504814788
59.96683050858764 0.7404285015451207
59.96683050858762 0.7443955159521212
59.50342376238839 0.7574334274275828
59.50342376238839 0.7643486412604018
59.50342376238837 0.7646757415049644
59.50342376238839 0.7650963845382304
57.401939853649004 0.7781519134175512
59.48015865275077 0.7853981633974483
59.48015865275079 0.7956542140391155
59.480158652750774 0.7959797790185241
56.99055952903539 0.7999956666085085
56.990559529035394 0.8005485192722179
56.9905595290354 0.8070164166339555
56.990559529035394 0.8173022278824703
56.990559529035416 0.8210972760767723
56.60675983940055 0.822146318440444
56.606759839400546 0.8337475500493513
56.60675983940056 0.844851822706105
56.606759839400546 0.855933129302026
56.606759839400524 0.8597290505651136
56.606759839400524 0.8749019817490589
56.60675983940055 0.8795632941289566
56.606759839400524 0.8838443226100813
55.62634858984946 0.8902751021276822
55.62634858984947 0.8978252942276383
55.62634858984946 0.9012787845412391
55.62634858984948 0.9145454535254683
55.62634858984946 0.9158014712865818
55.62634858984946 0.9234041870549677
55.62634858984948 0.9257731491617818
55.62634858984944 0.9376205063361681
55.62634858984948 0.9464900679350285
55.62634858984948 0.9551764373657864
55.62634858984946 0.9720874942116975
55.06366243190899 0.9753864513161641
55.063662431908995 0.9905627123327749
54.41255961263554 0.9932880905997113
54.41255961263554 1.0010909275825632
54.41255961263555 1.0064452260724674
54.412559612635526 1.0094218104353716
54.41255961263554 1.010907798585872
54.41255961263554 1.021955972941464
54.412559612635526 1.043016602792659
54.41255961263554 1.0467241440199506
54.41255961263554 1.0539775939163285
54.39347864432961 1.0563450137358688
54.393478644329626 1.0721435675293896
54.393478644329605 1.0724277593512237
55.65744213536859 1.08114984914788
55.657442135368576 1.0819439724671487
55.657442135368576 1.090390510211853
55.11391160673642 1.0999889356047259
55.11391160673642 1.1099498309161833
55.11391160673642 1.1107588104140909
54.06167181896609 1.1144478582377877
54.06167181896609 1.1240326667257081
55.401959916863575 1.1380177688905904
55.40195991686356 1.1493771199070923
55.401959916863575 1.1503112625592418
55.40195991686356 1.1516537238282254
55.40195991686356 1.1547318210710735
54.14481415291754 1.1630514812040136
54.14481415291753 1.1659045405098134
54.14481415291754 1.1737168815699142
54.14481415291755 1.1766337425246225
54.14481415291754 1.177455181912715
54.14481415291753 1.1894956686740281
54.78015198868212 1.1912869583252614
54.780151988682114 1.2023763877026494
54.780151988682135 1.2085274199199074
54.78015198868211 1.212978945082075
54.78015198868212 1.2131330757836905
54.780151988682114 1.2186683794613586
54.780151988682135 1.2290484384251041
54.780151988682135 1.2351577764672874
54.780151988682114 1.2490457723982542
54.780151988682114 1.2490457723982542
54.780151988682114 1.2490457723982542
54.78015198868212 1.2530780086093478
54.780151988682135 1.2572873440361376
54.78015198868214 1.2772073393861467
54.90633736057197 1.282931102302372
54.90633736057198 1.2898394552661199
54.90633736057198 1.290688351496843
54.90633736057198 1.295886485314224
54.906337360571996 1.3030472727742224
54.58398817149478 1.3035990983413135
54.583988171494795 1.31392633230084
54.583988171494795 1.323619865008927
54.58398817149476 1.3281486617771587
54.583988171494774 1.3317581878464277
54.58398817149478 1.3400797710667685
54.58398817149477 1.340190390535344
54.58398817149478 1.340891898662992
54.58398817149478 1.3480362289947516
54.58398817149476 1.34966635225538
54.583988171494774 1.353619174941119
54.58398817149477 1.362196753988739
54.583988171494745 1.3637236496778653
54.583988171494745 1.3699994195177745
54.58398817149476 1.3734007669450157
53.64402726212541 1.3777018156919074
53.64402726212541 1.3903005663328611
53.6440272621254 1.3915334943879492
53.644027262125405 1.3943557830339566
53.64402726212541 1.3995575906894595
54.010443690842436 1.4011714035384368
54.01044369084244 1.4170887977364177
54.01044369084242 1.4222914388506196
54.01044369084242 1.4234841626663075
54.01044369084241 1.4267625233059011
54.01044369084244 1.4288992721907325
54.01044369084242 1.4309739580107033
54.010443690842436 1.4312140828710178
54.010443690842436 1.4388245045782102
54.01044369084246 1.4476136646536204
54.01044369084242 1.4615555352686527
54.01044369084242 1.463768853745523
53.527795709283694 1.466206992313276
53.527795709283694 1.4747960364254116
53.52779570928368 1.482653212803757
53.41778924302705 1.4881123422454166
53.41778924302705 1.5000484590412893
53.41778924302705 1.503230159358398
53.33351355217533 1.5100975013429436
53.33351355217533 1.512040504079174
53.33351355217533 1.5285679246818946
53.33351355217531 1.5427662868350498
52.66759376054645 1.5428706274022843
52.667593760546445 1.5567127509720367
53.23610659113511 1.565271521129224
52.93932946250686 1.5754911279823915
52.91640639770903 1.5773321814408279
52.902745026929125 1.5784297663123892
52.4483130546345 1.6151022882456731
52.40789445567381 1.6183794300718803
52.34628752120172 1.623379388405838
52.30494634566841 1.6267378980284577
52.24526677554572 1.6315908826696852
52.219959378594545 1.633650487220468
52.19780542246522 1.635454273218878
52.112049197821044 1.642443811968307
52.09891220072733 1.6435155553481509
52.09161472947692 1.6441110148981675
52.03805464702301 1.6484839687244426
51.94244097996338 1.6563016204731014
51.87949392978765 1.6614562139956413
51.841897713943496 1.6645378683391445
51.777650055152094 1.6698092416751278
51.71572475616542 1.6748962649044963
51.68124328273612 1.6777314807898798
51.58757454965508 1.6854428885075492
51.58164970824233 1.6859311299855575
51.564043293128066 1.6873823322562125
51.520334488546865 1.6909871574277113
51.411024320982676 1.70001577220095
51.312890811509185 1.7081376042618306
51.28059763354475 1.7108136843647637
50.98943484029087 1.735018220415556
50.93094057850744 1.7398975527962734
50.925824998778126 1.740324538252818
50.898112939746184 1.7426383446804279
50.69920150108184 1.7592834363430896
50.65460857444094 1.7630239739959723
50.57052742541017 1.7700858237741974
50.41441878195604 1.7832283473036386
50.31493346757489 1.791625096524245
50.29480191512993 1.7933262573442346
50.24431896767962 1.7975951748487822
50.2099959627314 1.8005000323281324
50.14926088949536 1.8056450904084769
50.1107569349453 1.8089101092049078
50.09986148544304 1.8098344657433658
50.04954878602573 1.814105542390907
49.94305107904148 1.8231603800148548
49.93180064139345 1.824118062130645
49.81579193562906 1.8340057889857218
49.75357116833442 1.8393185196056372
49.650526148811885 1.8481316659446283
49.62731320577592 1.8501195268960038
49.5682564041583 1.8551811033887555
49.52273673923784 1.8590865707418887
49.49499141528721 1.8614688077080965
49.38910729350836 1.8705723968948764
48.974188875275026 1.906434877122506
48.95419562875676 1.9081706098120155
48.9208941545193 1.9110632832595478
48.831287456940615 1.918856598444461
48.75239729087327 1.9257297173580374
48.643860626896135 1.9352039159400996
48.47373980716026 1.9500964318747296
48.47284036417411 1.9501753086690128
48.21861445776179 1.9725285659317389
48.08101286561766 1.984676635045636
48.04910475790824 1.9874985875342956
48.006365424005516 1.9912813910305516
47.85753904956048 2.0044801544163455
46.32992001710146 2.009840400331319
46.113656791991 2.0244774883894956
46.0828212624366 2.0265700827716016
46.00703472983437 2.031719146898771
45.99986362372692 2.032206803062492
45.82986595226883 2.0437894581031926
45.60364665378316 2.059269534221381
45.499121861114595 2.0664480703294252
45.474534930951215 2.068139043141719
45.41889642101029 2.0719689746259657
45.26135254544461 2.0828391666689097
45.233003459650675 2.084799209390709
45.077218246940404 2.0955920984450036
45.03644072966687 2.098423347958048
44.89534540855855 2.108239645376654
44.894291592223155 2.108313077598581
44.891420777988536 2.1085131309434715
44.71760373411878 2.120649509471482
44.60239800647439 2.128719509719517
44.560623041192834 2.131650938269595
44.3352588359201 2.147512727857318
44.32732948807328 2.1480722857481385
44.18859157556052 2.157878967400524
44.10348994970127 2.1639096183847517
43.989976006898175 2.171971821042015
43.87365694356801 2.1802548647398172
43.750910149708375 2.1890194730992674
43.626814027876854 2.1979054612801754
43.62229400891885 2.198229597243866
43.489581347214425 2.20776158094225
43.48326680787992 2.208215842452086
43.42221716337965 2.212611096545876
43.33683770996724 2.218768344695402
43.27745221451764 2.2230581626406973
43.260775648558464 2.2242638829943884
43.24105270863084 2.2256904570819565
43.15614272385146 2.231839495645584
43.118416242947866 2.2345754669309983
42.95376432994573 2.246544318023435
42.90730781173886 2.2499296273012663
42.851684199924215 2.253987772085092
42.830621301477414 2.255525838034516
42.82545550832845 2.255903172775427
42.791606032853714 2.258376830497003
42.67998506505098 2.2665477738708586
42.618027213827254 2.271092476503032
42.591323691464225 2.2730532583039036
42.512750843204756 2.278829830764372
42.475570751685495 2.281566984484832
42.38933646578506 2.2879246831355173
42.26648415822987 2.297004451264225
42.255476004567925 2.2978193298107286
42.209781789579246 2.301204114984196
42.01496775937626 2.315676137713998
42.00416922116422 2.316480283359105
41.950293697662055 2.320495377513021
41.91841613092335 2.322873494314097
41.906829023944525 2.323738358963326
41.868867046726024 2.326573526763219
41.788102298977115 2.332613956090158
41.74026605670367 2.336197156219194
41.680338576879834 2.340691856267329
41.53808897949541 2.351386834925653
41.47430256354867 2.356194490192345
41.47430256354867 2.356194490192345
41.47430256354867 2.356194490192345
41.38601474707875 2.362861058096214
41.3304551805639 2.3670636273696157
41.22726661975675 2.374883902639251
41.20647507850398 2.376461984904566
41.16479777446959 2.3796277000718122
41.15689520457368 2.3802283231461026
41.156133603219104 2.380286213617266
41.11275969978048 2.383584898667208
40.936991803203355 2.3969881730602105
40.90496294834739 2.3994367479904084
40.756293181111765 2.410827569431704
40.72441705218592 2.4132752725986095
40.58861822843044 2.4237245004173036
40.57141164531305 2.4250509794933897
40.50555024935637 2.4301335278502854
40.45789833701508 2.433815998929739
40.32931063142508 2.443774756684553
40.23439372098368 2.451146196535102
40.044814772410156 2.465921479076421
39.94313692546201 2.4738748265803547
39.92436097149041 2.4753457155791105
39.845661632466665 2.481518476683892
39.75371150231094 2.488746022489018
39.7017511466707 2.492837652683431
39.68145311402835 2.494437480670074
39.67929989987928 2.494607238339368
39.64771410190443 2.497098496463555
39.41088712361231 2.5158411598530064
39.3112208643279 2.523762517725313
39.30525247423037 2.5242375155305083
39.268417978671266 2.5271706074687974
39.22777352867899 2.530410276635289
39.096053149501124 2.5409324982081736
39.06091937012143 2.5437450797977146
38.9079156044283 2.556023135265335
38.90587209500413 2.556187446798525
38.90587209500413 2.5648762525273705
38.905872095004135 2.5667664470285496
38.90587209500413 2.5680220376737632
38.90587209500413 2.5683382431968216
38.90587209500413 2.5800224616628626
38.90587209500412 2.580905658606988
38.905872095004135 2.5901711522617656
38.90587209500412 2.5934012890759894
38.905872095004135 2.5951309307785073
38.90587209500412 2.6030250030541793
38.90587209500413 2.6044843994954143
38.90587209500413 2.605026698791493
38.90587209500413 2.6060690750326523
38.90587209500413 2.6129028206257296
38.905872095004135 2.6152965079717547
38.90587209500412 2.6167968819396865
38.905872095004135 2.62813291184684
38.90587209500413 2.6333551975259355
38.90587209500413 2.636606078475707
38.90587209500412 2.6399885994006724
38.90587209500413 2.642939894324285
38.905872095004135 2.650576678567887
38.905872095004135 2.65101019718203
38.905872095004135 2.6558356257364033
38.90587209500413 2.6630207795989023
38.90587209500413 2.6638614687661266
38.90587209500412 2.6667930905633743
38.90587209500413 2.673098555878954
38.905872095004135 2.673653225446976
38.905872095004135 2.680402042101813
38.905872095004135 2.68607494676893
38.90587209500413 2.692869309579072
38.90587209500412 2.695937961243433
38.90587209500413 2.6975503754461907
38.90587209500413 2.7115715083326952
38.905872095004135 2.728971552631713
38.90587209500413 2.73670086730471
38.90587209500413 2.73670086730471
38.90587209500413 2.7520449315297615
38.90587209500413 2.752188496240568
38.90587209500413 2.7577101920726967
38.905872095004135 2.764343593947433
38.90587209500413 2.7658405988171832
38.905872095004135 2.7773145645733672
38.90587209500414 2.7862726252482073
38.90587209500413 2.789335134814527
38.90587209500413 2.79798765570979
38.90587209500413 2.8026764034386398
38.90587209500413 2.8136693380883706
38.90587209500413 2.81984209919315
38.90587209500413 2.837081770387681
38.90587209500413 2.8586157602169746
38.905872095004135 2.8738435995691183
38.905872095004135 2.8774705266706246
38.90587209500413 2.907052024724062
38.90587209500413 2.9078494727208914
38.90587209500414 2.910876097861666
38.905872095004135 2.9125984193812946
38.905872095004135 2.9249223726094815
38.90587209500414 2.9387475564056995
38.905872095004135 2.9611857504227084
38.90587209500413 2.9661113932694128
