76.77277631546747 -1.2182862463277853
76.77277631546747 -1.2100584459472215
78.93429443131954 -1.2089728967097348
78.93429443131954 -1.2013005157255783
78.93429443131954 -1.2006963857463513
78.93429443131954 -1.1986153817459748
78.93429443131954 -1.1913481503457455
78.93429443131954 -1.186347788763542
78.93429443131956 -1.1860225502667703
77.94173140756939 -1.1797787740890704
77.94173140756939 -1.1725182006936126
77.94173140756939 -1.171079138566712
77.94173140756939 -1.1707746318769765
77.94173140756935 -1.1547318210710737
77.5545348922482 -1.1529570568808876
77.5545348922482 -1.1401038154083887
77.5545348922482 -1.1379512972076256
77.5545348922482 -1.1366186415680644
76.97233583846256 -1.132784126315768
75.90856820309284 -1.1262105335203594
75.90856820309284 -1.1251416344485365
75.90856820309284 -1.124690777851493
75.90856820309286 -1.1240962476004954
75.90856820309284 -1.1220729827841758
75.90856820309286 -1.1093368981090905
76.68409109450029 -1.1054334536100607
76.68409109450029 -1.0977446063139469
76.68409109450029 -1.0902011879876856
76.68409109450029 -1.0872083411598314
76.68409109450027 -1.0817500236720634
76.97233583846256 -1.081513309272413
76.97233583846256 -1.0782035747245995
76.97233583846253 -1.07466916900659
76.97233583846256 -1.073742127462573
76.5033866315078 -1.0607105273305528
76.5033866315078 -1.0595656145171068
76.5033866315078 -1.055968507729563
76.5033866315078 -1.0534369884908577
76.5033866315078 -1.048795795942949
75.77169313779955 -1.0463541619193015
75.77169313779955 -1.0348113872554958
74.55171679786221 -1.027670473185884
74.55171679786223 -1.0188261851214107
74.55171679786223 -1.0127419705254521
74.55171679786221 -1.0115505991302498
74.98212012940382 -1.0034654246267902
74.98212012940381 -1.000505236534018
74.98212012940382 -0.9849535471027355
74.98212012940382 -0.9805565905141185
74.98212012940382 -0.978756060128542
74.98212012940381 -0.9786096472452543
74.98212012940381 -0.974768213373293
74.98212012940382 -0.9725751008370109
74.81580611268356 -0.9642571334332846
74.81580611268355 -0.9563742806739006
74.19347195189626 -0.9487035249274756
74.19347195189626 -0.947426726132015
74.19347195189626 -0.94242793936918
74.19347195189626 -0.933430110359488
74.19347195189626 -0.9320646571946412
74.19347195189626 -0.9123709530115274
74.19347195189627 -0.9065411775553716
74.19347195189623 -0.9029098088288938
74.19347195189624 -0.8972884295691244
74.19347195189626 -0.8928261170021042
74.19347195189626 -0.8857790664804194
74.19347195189626 -0.8661048291890053
74.19347195189626 -0.86380850213609
72.96133497534214 -0.8538624189472799
72.96133497534214 -0.8436654663669819
72.96133497534215 -0.8391923669272978
72.96133497534214 -0.838445693158919
72.96133497534215 -0.8303117588672372
72.96133497534215 -0.828536851493472
72.833174311414 -0.8196704527482477
72.38521518350713 -0.802637834591978
72.38521518350713 -0.7999956666085084
71.12662328405861 -0.7853981633974483
71.12662328405861 -0.7853981633974483
71.12662328405861 -0.7853981633974483
71.1266232840586 -0.770584432285547
71.12662328405861 -0.7685930228824063
71.12662328405861 -0.7562093754046537
70.77059776948701 -0.7442449407560053
70.77059776948701 -0.7394535075893286
70.77059776948703 -0.7339729553794727
70.417686123808 -0.7262954797868606
70.417686123808 -0.6820638381755539
70.417686123808 -0.6736211218629693
69.13328984437152 -0.6647744948173456
69.13328984437153 -0.6580904215265939
69.13328984437155 -0.6573153203224077
69.13328984437155 -0.6568014127425446
69.70650285154454 -0.6477204930362879
69.70650285154456 -0.6420581083518464
69.70650285154456 -0.6387316696002553
69.70650285154457 -0.6190118628523391
68.79209940957226 -0.615279347981351
68.79209940957224 -0.6132073488745093
68.79209940957223 -0.6014547068602731
68.79209940957226 -0.5834640567978475
68.79209940957223 -0.577901936962246
67.80926843590888 -0.5627372227610834
67.8092684359089 -0.5531091744264264
67.80926843590892 -0.547785849531977
67.8092684359089 -0.5425028305898435
67.09106552041307 -0.5283900053739166
67.0910655204131 -0.5102967877302651
67.09106552041308 -0.4999353031307034
66.45366780997061 -0.4933418486077156
66.45366780997063 -0.49027569618884886
66.45366780997061 -0.4881658555797571
66.45366780997063 -0.47599266084503067
66.45366780997063 -0.46640242296866263
65.8994200582512 -0.45765965661689284
65.8994200582512 -0.42765208293227763
67.52290397008731 -0.4266274931268761
64.89411124856002 -0.4251271191589453
64.89411124856002 -0.4165360925787479
66.27117406618602 -0.4060572869228488
66.27117406618603 -0.4048917862850835
66.27117406618602 -0.3977285850234498
65.2715912387416 -0.3930580191819325
65.27159123874162 -0.3916075436139782
65.92566853378355 -0.369736288171262
65.92566853378355 -0.36881721771265297
65.92566853378355 -0.36120375549368156
65.92566853378355 -0.36073788084767494
65.92566853378352 -0.35930514376323885
64.4070640240166 -0.3417478883697926
64.40706402401659 -0.3414524383094511
64.4070640240166 -0.3181534476090982
64.40706402401659 -0.3032341523286332
64.40706402401659 -0.3014487755374235
64.40706402401659 -0.2980395838922581
64.40706402401659 -0.29485121457053887
64.40706402401656 -0.2898464899116197
62.90680754883496 -0.28921765804984323
62.90680754883497 -0.28540293337762135
62.906807548834955 -0.2682302859373271
62.90680754883497 -0.2651309733874018
62.90680754883496 -0.2595471687833929
62.276590324311634 -0.2529968188971266
62.276590324311634 -0.2508038399564526
62.27659032431163 -0.24635417807778498
62.27659032431163 -0.2301349491052304
62.276590324311634 -0.22776596574076008
62.276590324311634 -0.2122249811742263
62.276590324311655 -0.1996177784141348
62.276590324311634 -0.18784171041228362
62.27659032431163 -0.17693805615770322
62.32657600193169 -0.16592447244905717
62.32657600193168 -0.16398181680068835
62.326576001931706 -0.15431877592611892
62.326576001931684 -0.15115604926628712
62.326576001931706 -0.14189705460416377
62.642225718013684 -0.13658501957586686
62.64222571801369 -0.13577155694579834
62.642225718013684 -0.13466390769300438
62.64222571801368 -0.12516999029133694
62.49290617181528 -0.11793360003005192
62.49290617181528 -0.11550566803050345
62.49290617181527 -0.10786002567208368
62.4929061718153 -0.09468806279494973
62.492906171815285 -0.09263032800032603
61.724076272517046 -0.09065988720074511
61.724076272517046 -0.08648889991837476
61.72407627251704 -0.0736918188743487
61.72407627251704 -0.07304056530311921
61.724076272517046 -0.07084895954460954
62.17649841392888 -0.061533593349043375
62.17649841392888 -0.055704393651290485
61.50505647764531 -0.03348030765003944
61.505056477645304 -0.02761728588154211
61.50505647764531 -0.019105955118440873
61.505056477645304 -0.018724403174348758
61.50505647764532 -0.005987952383913237
61.505056477645304 -0.0055248056656727615
61.505056477645304 0.003773566993935413
61.50505647764532 0.0072991404436969515
61.48817648744241 0.023918882497910535
61.48817648744239 0.03266811240191583
61.48817648744237 0.03446910099950799
61.488176487442374 0.039527423616015
62.11525173634811 0.042628188872086456
62.115251736348114 0.04694534826140743
62.11525173634811 0.05105049576101011
62.1152517363481 0.05740811463679977
61.58938703344683 0.06212092498838466
61.589387033446855 0.07271922855325398
61.58938703344684 0.07414951965862088
61.58938703344683 0.08857075374982588
61.724076272517046 0.09065988720074511
61.724076272517046 0.09683900526130727
61.724076272517046 0.12004261112080171
61.72407627251703 0.12079629070854561
60.74081302371584 0.12135200057076367
60.740813023715816 0.1251699902913369
60.740813023715816 0.13072433516542442
61.47692058574407 0.13919070126573538
61.476920585744054 0.16219883346338249
61.16657159731006 0.16910122600137703
61.166571597310046 0.1696676911975849
61.166571597310046 0.18953408658734552
61.16657159731005 0.19063890591409544
61.48817648744241 0.19739555984988075
61.4881764874424 0.20523239000620702
61.48817648744242 0.20783904438543424
61.48817648744239 0.21553415990412927
61.72968194651576 0.21608497229678642
61.561289683885384 0.24613741115981236
61.56128968388537 0.24984086143965217
61.290899768755786 0.2670937997938703
61.290899768755786 0.2850438853832022
61.29089976875577 0.28790931231543954
61.290899768755764 0.2960051711695901
61.29089976875577 0.3105465414403651
61.290899768755786 0.3260608725304567
61.29089976875577 0.32732152740350506
61.29089976875577 0.3376643302452492
61.290899768755786 0.35636875335240314
61.998158249238166 0.36376785243847143
61.99815824923816 0.3671738338182194
61.99815824923817 0.38921557891854686
61.99815824923817 0.40489178628508354
62.026057700856946 0.4148540967930541
61.975829645173874 0.4360537653809689
62.084507021968825 0.45354694241548427
61.42624350392478 0.46150628465053584
61.42624350392478 0.4667435743413557
61.42624350392478 0.4902262157336689
61.47692058574407 0.504310407527549
61.47692058574409 0.5043774226728714
61.47692058574409 0.5136816877620353
61.476920585744075 0.5197218194218374
61.47692058574409 0.5204221662974335
61.832760617069596 0.534632527834482
61.832760617069574 0.535687674387634
61.832760617069574 0.542797617071661
61.832760617069596 0.5545862029947806
61.832760617069596 0.5623671950258899
61.832760617069574 0.5867122816830218
61.83276061706957 0.5908461977788162
60.609647843925856 0.5920402666663547
60.60964784392584 0.6024663971625943
59.97260043359939 0.6111277321458154
59.97260043359938 0.6194507641079434
59.97260043359939 0.6235607321590255
59.97260043359938 0.637238142665617
59.97260043359938 0.642058108351846
60.883063366130735 0.6483319890872606
59.59058702751415 0.6523853765209396
59.590587027514154 0.6677178270094384
59.59058702751413 0.6685854519776496
59.59058702751415 0.6709011366299983
59.59058702751414 0.6826682959787786
59.590587027514154 0.6960841704042262
59.24116449677754 0.7080877692179567
59.24116449677755 0.7082321058098888
59.241164496777536 0.7158587307161552
59.241164496777564 0.7245596302149783
59.96683050858762 0.7368252880913158
59.96683050858763 0.7385574504814788
59.96683050858764 0.7404285015451207
59.96683050858762 0.7443955159521212
59.50342376238839 0.7574334274275828
59.50342376238839 0.7643486412604018
59.50342376238837 0.7646757415049644
59.50342376238839 0.7650963845382304
57.401939853649004 0.7781519134175512
59.48015865275077 0.7853981633974483
59.48015865275079 0.7956542140391155
59.480158652750774 0.7959797790185241
56.99055952903539 0.7999956666085085
56.990559529035394 0.8005485192722179
56.9905595290354 0.8070164166339555
56.990559529035394 0.8173022278824703
56.990559529035416 0.8210972760767723
56.60675983940055 0.822146318440444
56.606759839400546 0.8337475500493513
56.60675983940056 0.8559331293020264
56.60675983940055 0.859729050565114
56.606759839400574 0.879563294128957
55.62634858984946 0.8902751021276822
55.62634858984947 0.8978252942276383
55.62634858984946 0.9012787845412391
55.62634858984946 0.9158014712865818
55.62634858984946 0.9234041870549677
55.62634858984948 0.9257731491617818
55.62634858984944 0.9376205063361681
55.62634858984945 0.9551764373657868
55.62634858984946 0.9720874942116975
55.06366243190899 0.9753864513161641
55.063662431908995 0.9905627123327749
54.41255961263554 0.9932880905997113
54.41255961263554 1.0010909275825632
54.41255961263555 1.0064452260724674
54.41255961263555 1.0109077985858728
54.41255961263554 1.021955972941464
54.412559612635526 1.043016602792659
54.41255961263554 1.0467241440199506
53.52307235878115 1.0539775939163287
54.39347864432961 1.0563450137358688
54.393478644329605 1.0724277593512237
55.65744213536859 1.08114984914788
55.657442135368576 1.0819439724671487
55.657442135368576 1.090390510211853
55.11391160673642 1.0999889356047259
55.11391160673642 1.1099498309161833
55.11391160673642 1.1107588104140909
54.06167181896609 1.1144478582377877
54.06167181896609 1.1240326667257081
55.401959916863575 1.1380177688905904
55.40195991686356 1.1493771199070923
55.401959916863575 1.1503112625592418
55.40195991686356 1.1547318210710735
54.14481415291754 1.1630514812040136
54.14481415291753 1.1659045405098134
54.14481415291754 1.1737168815699142
54.14481415291754 1.177455181912715
54.14481415291753 1.1894956686740281
54.78015198868212 1.1912869583252614
54.780151988682114 1.2023763877026494
54.780151988682135 1.2085274199199074
54.78015198868211 1.212978945082075
54.780151988682114 1.2186683794613586
54.780151988682135 1.2290484384251041
54.780151988682135 1.2351577764672874
54.780151988682114 1.2490457723982542
54.780151988682114 1.2490457723982542
54.78015198868212 1.2530780086093478
54.780151988682135 1.2572873440361376
54.78015198868214 1.2772073393861467
54.90633736057197 1.282931102302372
54.90633736057198 1.2898394552661199
54.90633736057198 1.290688351496843
54.58398817149478 1.3035990983413135
54.583988171494795 1.31392633230084
54.583988171494774 1.3317581878464277
54.58398817149478 1.3400797710667685
54.58398817149478 1.340891898662992
54.58398817149478 1.3480362289947516
54.58398817149476 1.34966635225538
54.583988171494774 1.353619174941119
54.58398817149477 1.362196753988739
54.58398817149476 1.3734007669450157
54.58398817149475 1.3777018156919072
54.58398817149475 1.3903005663328611
54.583988171494774 1.3915334943879492
54.583988171494774 1.3943557830339566
54.58398817149477 1.3995575906894586
54.010443690842436 1.4011714035384368
54.01044369084244 1.4170887977364177
54.01044369084242 1.4222914388506196
54.01044369084242 1.4234841626663075
54.01044369084241 1.4267625233059011
54.01044369084244 1.4288992721907325
54.01044369084242 1.4309739580107033
54.01044369084242 1.4615555352686527
53.527795709283694 1.466206992313276
53.527795709283694 1.4747960364254116
53.52779570928368 1.482653212803757
53.41778924302705 1.4881123422454166
53.41778924302705 1.5000484590412893
53.41778924302705 1.503230159358398
53.33351355217533 1.5100975013429436
53.33351355217533 1.512040504079174
53.33351355217533 1.5285679246818946
52.66759376054645 1.5428706274022843
52.667593760546445 1.5567127509720367
53.23610659113511 1.565271521129224
53.23610659113512 1.5754911279823918
53.23610659113511 1.5773321814408279
53.23610659113512 1.5784297663123892
53.23610659113512 1.615102288245673
53.236106591135126 1.623379388405838
53.23610659113511 1.6267378980284575
53.23610659113512 1.6336504872204682
53.236106591135126 1.6354542732188777
53.23610659113512 1.6424438119683071
53.23610659113512 1.6435155553481509
52.19904677701563 1.6441110148981672
52.19904677701564 1.6484839687244426
52.19904677701563 1.6614562139956415
52.19904677701562 1.669809241675128
52.19904677701564 1.674896264904496
52.357897980809526 1.6777314807898802
52.35789798080951 1.685442888507549
52.35789798080953 1.685931129985557
52.35789798080952 1.6909871574277116
52.49649848267194 1.7000157722009501
52.49649848267194 1.7081376042618306
52.49649848267196 1.7108136843647637
52.17252455401311 1.7350182204155562
52.17252455401311 1.7398975527962737
52.172524554013116 1.742638344680428
51.79978757755272 1.7592834363430896
51.79978757755272 1.7630239739959723
51.799787577552706 1.7700858237741974
51.79978757755272 1.7832283473036386
51.799787577552735 1.791625096524245
51.799787577552735 1.7933262573442346
51.012244951071274 1.7975951748487824
51.012244951071274 1.8005000323281324
51.01224495107128 1.805645090408477
51.01224495107128 1.8098344657433658
51.012244951071274 1.814105542390907
51.01224495107126 1.8231603800148546
51.01224495107128 1.824118062130645
50.869600578103416 1.8340057889857218
50.8696005781034 1.8393185196056374
50.869600578103416 1.8481316659446283
50.8696005781034 1.8501195268960038
50.86960057810339 1.8551811033887555
50.8696005781034 1.8590865707418884
50.794722228085604 1.8705723968948762
50.79472222808561 1.906434877122506
50.79472222808561 1.9081706098120155
50.233021025855926 1.9110632832595478
50.23302102585592 1.9257297173580372
50.233021025855926 1.9500964318747294
50.233021025855926 1.950175308669013
46.56839680264005 1.9725285659317389
46.56839680264007 1.987498587534295
46.568396802640066 1.9912813910305514
46.56839680264008 2.004480154416345
46.10991831996721 2.1890194730992674
46.10991831996723 2.1979054612801754
46.10991831996723 2.198229597243866
46.109918319967214 2.20776158094225
46.10991831996723 2.2082158424520855
45.00096115851652 2.218768344695402
47.00180369063522 2.2230581626406973
47.00180369063525 2.224263882994388
47.00180369063521 2.225690457081957
47.00180369063521 2.2318394956455836
47.00180369063521 2.2345754669309983
45.61194829197301 2.246544318023435
45.611948291973 2.253987772085092
45.611948291973 2.255525838034516
45.611948291972986 2.2559031727754273
45.611948291972986 2.258376830497003
45.611948291972986 2.2665477738708586
45.611948291973 2.271092476503032
45.61194829197301 2.278829830764371
44.63035415623236 2.281566984484832
44.63035415623234 2.2879246831355173
44.63035415623234 2.297004451264225
44.63035415623234 2.297819329810729
45.40665926802316 2.3012041149841966
45.40665926802315 2.316480283359106
45.40665926802316 2.3228734943140976
45.40665926802314 2.323738358963325
45.40665926802315 2.3265735267632186
45.40665926802314 2.3326139560901575
45.40665926802316 2.3361971562191948
45.40665926802316 2.3406918562673287
45.40665926802316 2.351386834925654
45.40665926802316 2.3561944901923444
45.33802302901981 2.356194490192345
45.33802302901981 2.356194490192345
45.3380230290198 2.3628610580962124
45.338023029019794 2.3670636273696153
45.338023029019794 2.37488390263925
45.338023029019794 2.3764619849045654
45.3380230290198 2.3796277000718122
45.3380230290198 2.3802283231461026
45.33802302901982 2.39698817306021
45.3380230290198 2.3994367479904084
45.3380230290198 2.4108275694317043
45.33802302901979 2.4132752725986095
45.33802302901981 2.4237245004173036
45.33802302901979 2.4250509794933897
45.33802302901979 2.433815998929739
46.11586420685233 2.4437747566845536
46.11586420685235 2.4511461965351007
46.11586420685232 2.465921479076421
46.11586420685233 2.4738748265803547
46.11586420685233 2.475345715579111
46.11586420685233 2.4815184766838914
46.11586420685232 2.488746022489019
46.11586420685233 2.4944374806700735
46.115864206852336 2.494607238339367
46.115864206852336 2.4970984964635545
46.11586420685233 2.515841159853006
46.11586420685233 2.523762517725313
46.11586420685232 2.524237515530509
46.11586420685233 2.5271706074687974
46.11586420685233 2.5304102766352896
44.060747621537914 2.5409324982081736
44.0607476215379 2.5437450797977146
44.0607476215379 2.564876252527372
44.0607476215379 2.5667664470285487
44.06074762153788 2.5680220376737624
44.06074762153791 2.568338243196821
44.0607476215379 2.580022461662861
44.80059626395095 2.5809056586069876
44.80059626395094 2.590171152261767
44.80059626395095 2.593401289075989
44.80059626395095 2.603025003054179
44.80059626395093 2.6050266987914923
44.800596263950936 2.6060690750326527
44.908596136156554 2.628132911846841
44.90859613615655 2.633355197525934
44.90859613615657 2.6366060784757064
44.908596136156554 2.639988599400673
44.90859613615654 2.6505766785678873
44.908596136156575 2.6510101971820306
44.90859613615655 2.6558356257364037
44.06860018756382 2.6630207795989023
44.06860018756382 2.663861468766127
44.06860018756382 2.673098555878954
44.06860018756382 2.6804020421018135
44.0686001875638 2.6860749467689313
44.06860018756382 2.692869309579072
44.06860018756383 2.695937961243433
44.06860018756384 2.7115715083326952
44.06860018756383 2.7289715526317133
44.068600187563845 2.7367008673047093
44.068600187563845 2.752188496240568
44.06860018756382 2.757710192072696
44.06860018756383 2.7643435939474346
44.06860018756383 2.777314564573367
44.06860018756382 2.7862726252482077
44.06860018756383 2.789335134814527
44.06860018756383 2.8026764034386398
44.06860018756381 2.8198420991931514
44.06860018756382 2.8586157602169755
44.06860018756382 2.877470526670625
45.01633690378743 2.9108760978616655
45.01633690378743 2.9125984193812946
45.01633690378746 2.9249223726094806
45.01633690378743 2.9387475564056995
45.01633690378742 2.961185750422708
45.01633690378743 2.966111393269412
nan nan
nan nan
nan nan
nan nan
nan nan
nan nan
nan nan
nan nan
nan nan
nan nan
nan nan
nan nan
nan nan
nan nan
nan nan
nan nan
nan nan
nan nan
nan nan
nan nan
nan nan
nan nan
nan nan
