45.589184050848566 3.148044176982762
45.04707264989879 3.1873124049860815
44.76196173083883 3.2667626438811297
44.92400349440595 3.29274870285608
43.87186438287147 3.3784414145367134
43.594942724378804 3.4078447027407184
41.6879991527106 3.4945830414167025
43.20427058219814 3.5107215191302994
42.2568354045627 3.56476393928047
41.69629857527993 3.6020856989221217
42.23226271277482 3.6270436604903
40.967959461292985 3.659848296121546
42.37131954191636 3.6891548895297905
43.6425398009421 3.735202675000536
43.23629450623351 3.7918963785378863
42.30593797025723 3.8087333078481618
41.61322986327761 3.9569818218441193
41.25412845021514 3.9875228367693483
40.654251513094735 4.050076776682247
41.23734995294763 4.078873274367192
41.19537381223057 4.130326901015517
41.262515140370965 4.181749119423136
40.917251291933056 4.226237132589718
40.586103950860256 4.349377453434569
39.99351158448244 4.3906384259880475
39.88087798764897 4.451311529290663
39.11875274863702 4.538587861295503
38.133348254971644 4.6119528683358375
37.36336121450632 4.688771325379739
90.06821713026311 0.39202800188874765
84.73140955221908 0.4030686342485499
90.21792148127436 0.4125971132397961
86.2171154902564 0.4254981881298239
88.80697157707857 0.44142904367408686
85.62915940949362 0.4590393466906857
86.9444797589452 0.45910906225108583
88.25980051837448 0.4591766998935851
88.01246372887363 0.48307715174309784
86.78912916475468 0.5136816877620349
84.16185592701473 0.515244963686043
85.76644071512573 0.5204221662974335
87.16309336118503 0.5346325278344821
84.84159879335814 0.5427976170716606
85.45522310373627 0.5545862029947806
86.06045191656295 0.5908461977788164
84.60062905195304 0.6024663971625941
85.61299419531186 0.6194507641079428
84.53106961409992 0.6372381426656171
85.02493019300432 0.6677178270094384
82.08464700147286 0.6685854519776502
83.73731376311866 0.6709011366299986
83.9395481931196 0.6960841704042258
80.93420797636341 0.7082321058098895
83.80753201321066 0.715858730716155
82.09307739633947 0.7245596302149782
79.94916204758326 0.7385574504814789
83.27321937900531 0.7404285015451206
81.17753622488954 0.744395515952121
80.29465632226116 0.7646757415049645
81.95808701819277 0.7650963845382295
81.1135732458254 0.7956542140391152
78.61803767425681 0.7959797790185243
82.36659550669387 0.8005485192722182
76.96784031598249 0.8070164166339557
81.57722899594863 0.8210972760767721
77.45631652007555 0.8337475500493507
76.72469094556226 0.8559331293020263
77.85733559454984 0.8978252942276388
79.14443019221146 0.9012787845412387
76.76977670878661 0.9158014712865814
75.58880750527292 0.9234041870549676
77.57683990705858 0.9796391595788521
75.7945228138638 1.0010909275825632
71.9921660482468 1.072427759351224
70.64336082793447 1.0903905102118525
70.11730161778311 1.1240326667257081
69.1332898443715 1.1547318210710742
69.20832599870664 1.1737168815699146
68.76191309178013 1.1894956686740281
67.78374936664903 1.2023763877026497
68.88257899194336 1.208527419919907
67.36899372024858 1.2186683794613584
66.97233845138646 1.2351577764672879
66.03579819763381 1.2490457723982544
67.71224480761079 1.2572873440361372
66.06199248593002 1.2772073393861465
67.02398475823392 1.2906883514968426
65.98862227608781 1.3139263323008405
63.3944645177155 1.417088797736418
63.481735923395725 1.4826532128037568
62.70295766272895 1.5285679246818944
62.653272268506115 1.5567127509720367
62.64774923673688 1.5754911279823922
61.5556686749544 1.623379388405838
61.628701802108 1.6424438119683078
61.724076272517046 1.661456213995642
61.32476370601533 1.6909871574277116
61.16657159731006 1.7398975527962737
60.91147356990099 1.7700858237741972
60.71232295975465 1.8005000323281326
59.851315196876385 1.824118062130644
59.752951600012985 1.8551811033887553
59.53249236390851 1.9081706098120161
58.86028263585148 1.9874985875342954
58.8132343932247 2.009840400331319
58.7955815961107 2.0322068030624916
58.287261423836476 2.0592695342213805
58.066903334707696 2.095592098445003
57.01316211326712 2.1802548647398172
56.380519806455645 2.231839495645584
55.59135192140239 2.2970044512642254
55.23691385730286 2.3265735267632195
55.06847849598761 2.3406918562673287
54.88411958527913 2.356194490192344
54.60662034666172 2.379627700071813
54.23932372785079 2.4108275694317047
53.41623791337743 2.481518476683892
52.85428703195736 2.5304102766352887
52.29009905244542 2.5800224616628604
52.00803830307722 2.6050266987914927
51.86236143913368 2.617993877991495
51.47223570108701 2.652900463031381
51.08504461713748 2.6878070480712672
50.70076611185194 2.722713633111155
50.31937827585583 2.7576202181510396
49.94085936458418 2.7925268031909276
49.18354967338597 2.827433388230814
48.444667540904746 2.877470526670624
47.884304050434565 2.9249223726094797
47.53618181254022 2.9611857504227075
46.75823114629976 2.9836827328802773
47.17082260455409 3.010277214606706
46.19988166374396 3.109756280162678
