76.22006219970585 -1.2178059389679865
76.22006219970585 -1.1972054687591656
76.22006219970584 -1.1966247065740048
76.22006219970585 -1.1850762325864164
76.22006219970586 -1.178677568451345
76.22006219970585 -1.176389084235588
76.22006219970585 -1.165904540509813
76.22006219970586 -1.1644425532473415
76.22006219970585 -1.1569160185441567
76.22006219970585 -1.1476250411042201
76.22006219970585 -1.1401038154083887
76.22006219970585 -1.135521736039316
76.22006219970585 -1.1348494389852624
76.22006219970584 -1.1238536076829024
76.22006219970585 -1.1201350007142625
76.22006219970585 -1.118834329433858
76.22006219970584 -1.1186424645091209
76.22006219970585 -1.1181372864768242
76.22006219970585 -1.1030335146869792
76.22006219970584 -1.1007522165474803
76.22006219970586 -1.0987455542464437
76.22006219970584 -1.0977446063139467
76.22006219970585 -1.0944911659600385
76.22006219970586 -1.0804488327888249
76.22006219970586 -1.0747920417712233
76.22006219970585 -1.0702890640497202
76.22006219970586 -1.0691922726057763
76.22006219970585 -1.0559685077295633
76.22006219970586 -1.0507302496064326
76.22006219970585 -1.0486472185723759
76.22006219970585 -1.0483928950783683
76.22006219970585 -1.0377161442838754
76.22006219970585 -1.0372851794880602
76.22006219970585 -1.0342303719965957
76.22006219970585 -1.0320215618833282
76.22006219970586 -1.023866501837783
76.22006219970585 -1.014630096674444
75.16648189186455 -1.0142708367653446
75.16648189186455 -1.0067126057452398
75.16648189186455 -1.002896834791009
75.16648189186456 -0.9972257108788656
75.16648189186452 -0.9899059788557917
75.16648189186455 -0.9806795614923477
75.16648189186456 -0.9747682133732936
75.16648189186455 -0.9652516631899265
75.16648189186455 -0.9623883925607907
75.16648189186455 -0.960385521550627
74.38920384317177 -0.9492063590412496
74.35201762892194 -0.9459754440847565
74.31213469329283 -0.9425084287444091
74.22369650891763 -0.9348138733139159
74.01782942606806 -0.9168668590843175
73.96634716670823 -0.9123709530115267
73.82215192075617 -0.8997618168203526
73.74295668896004 -0.8928261170021041
73.73938892476119 -0.8925134867496803
73.56125712116948 -0.8768851802689561
73.55906899793484 -0.8766929711477971
73.51716728534258 -0.8730111374189184
73.41972650238877 -0.8644410575760413
73.40520738101655 -0.86316310300018
73.3865662827878 -0.8615219666179754
73.36896800381336 -0.8599722560081204
73.33768874249223 -0.8572168755819589
73.16280714906931 -0.8417899243234073
73.13906359711564 -0.8396925753057548
73.09817742025054 -0.8360793634749036
73.07893952629486 -0.834378564321176
72.84164680053271 -0.813362899367314
72.80355976589695 -0.8099833727673081
72.62390737895251 -0.7940186395095848
72.32145145970473 -0.7670515982843283
72.2470802619492 -0.7604033697785283
72.21388136769151 -0.7574334274275826
72.13788334912437 -0.7506295715413661
72.0687881610641 -0.7444374798631322
72.00967131224617 -0.7391349009730914
71.92022678409569 -0.7311037514891425
71.67766945807742 -0.7092743601769211
71.65230999280298 -0.7069878246588067
71.62120187931485 -0.7041818569467108
71.56002179292769 -0.6986598247214636
71.49930526599897 -0.6931749632440967
71.40909609428373 -0.6850172603144775
71.39210732028327 -0.6834797959165747
71.35389981957861 -0.6800207242085058
71.32591167601463 -0.6774856745807715
71.14464499012846 -0.6610431688506869
71.07549481152537 -0.6547595890734129
70.99189884094203 -0.6471551729197197
70.93592143725562 -0.6420581083518464
70.92496624729962 -0.6410601046911715
70.8994133511851 -0.6387316696002552
70.8917881509743 -0.6380366823087968
70.83379826562697 -0.6327488350021832
70.73105630159269 -0.623369600662882
70.62716981954158 -0.6138720214253479
70.58899140686083 -0.6103781383162789
70.363034143298 -0.5896609768199822
70.32936061454222 -0.5865678843024311
70.32007050816962 -0.5857142780223469
70.25527810913447 -0.5797577962605972
70.19601511096042 -0.5743048301747019
70.13429374831641 -0.568620766339422
70.08000653565797 -0.5636171943748494
70.03470602328902 -0.5594389457088074
69.99924373955913 -0.5561662301204525
69.92330963064562 -0.5491529026790108
69.86686201393536 -0.5439344242838223
69.82886721374463 -0.540419500270584
69.79671213876186 -0.5374433185817571
69.43238670327874 -0.5036262961240959
69.3819107574322 -0.4989270825943972
69.35333903689593 -0.4962655948331756
69.30251779435513 -0.49152882836498063
69.23736278352229 -0.4854510069005067
69.07884869613028 -0.4706405020061393
69.04187634713931 -0.4671811631986681
68.77732650532946 -0.442374222976745
68.73304684566033 -0.4382127821633307
67.14976802530236 -0.4355425615403503
66.73831875674907 -0.409156152760075
66.52266694448042 -0.39526126541030265
66.5216680398411 -0.39519679919069106
66.51011808363758 -0.39445133038222363
66.43851578859912 -0.389827012654642
66.21825598914232 -0.3755705830388256
66.12832766860697 -0.369736288171262
66.10928895954983 -0.3685000929875544
65.96936771742583 -0.3594039824088276
65.85873162475411 -0.35219799496581317
65.85481569088918 -0.351942719273605
65.71247615020556 -0.34265343284225164
65.61125430661244 -0.3360352969840388
65.51103142574789 -0.3294724086379035
65.4454910201449 -0.3251751985425364
65.21796334748065 -0.31022368742196105
65.1884939920753 -0.3082833551492729
65.1312365945783 -0.3045108832021126
65.1131640284741 -0.3033194620025435
64.95340658866205 -0.29277316054508096
64.87919392085213 -0.2878652244925244
64.79899305016198 -0.28255495246958723
64.75211126729262 -0.27944776412637234
64.61086071416291 -0.270072469914212
64.58314214628724 -0.268230285937327
64.54166188012806 -0.2654720181078802
64.4192789970932 -0.2573237149710886
64.4192789970932 -0.2573237149710886
63.952654381450486 -0.22611297710519346
63.93855222587048 -0.22516619644330188
63.85188873192565 -0.2193432546051867
63.850857324117364 -0.21927390647769712
63.827925125177835 -0.2177317390255685
63.69433977554851 -0.20873722852832485
63.580221765228416 -0.20103853098375987
63.526293188951726 -0.19739555984988066
63.41408200603015 -0.18980557277366328
63.34252447065453 -0.18495839021797209
63.334395668866115 -0.17338270907176184
62.81322894187025 -0.155141313268893
62.813228941870236 -0.1513754437340263
62.81322894187025 -0.14731216412858897
62.81322894187027 -0.1432898113637872
62.81322894187026 -0.1271301955627239
62.81322894187026 -0.12374262475190469
62.813228941870236 -0.12368965865025917
62.81322894187026 -0.1069351539949837
62.813228941870236 -0.10520024942055312
62.813228941870236 -0.10513851340383906
62.81322894187025 -0.10345446458297575
61.19485018023425 -0.10110337173629852
61.19485018023423 -0.09647377518258708
61.194850180234255 -0.08820590439668297
61.194850180234255 -0.08648889991837477
61.19485018023426 -0.08268398454947984
61.194850180234255 -0.07523461346461457
61.194850180234276 -0.06940704898114791
61.194850180234276 -0.0653274696233514
61.19485018023426 -0.06374331253268666
61.194850180234255 -0.061375332113816704
61.19485018023426 -0.055220186299382405
61.194850180234276 -0.04571975139628831
61.19485018023426 -0.03934975638860497
61.194850180234276 -0.03741568547355102
61.194850180234255 -0.02856365783875984
61.19485018023424 -0.027315608564761833
61.19485018023426 -0.02537526284596407
62.076245115281075 -0.023692248470424584
62.07624511528108 -0.016758207582237613
62.059520486747104 -0.004739301009466523
62.059520486747104 0.008695433011778995
62.0595204867471 0.016041404646643664
62.0595204867471 0.016758207582237183
62.059520486747104 0.019864936251165272
62.05952048674708 0.023995393591869984
62.0595204867471 0.02582451593243425
62.059520486747104 0.02911798150703928
60.352195844497615 0.043874265391637794
60.35219584449762 0.04828956730639814
60.352195844497615 0.04891200614919461
61.5556686749544 0.05258306161094172
61.5556686749544 0.05258306161094172
61.555668674954404 0.06079455587478914
61.55566867495441 0.07015494896826897
61.628701802108 0.07164748517341071
61.628701802108004 0.07187596955633486
61.62870180210802 0.07908002335096631
61.62870180210802 0.08268398454947977
60.50107951795051 0.08273751774000698
60.50107951795051 0.0940612346279865
60.501079517950494 0.09525227741876625
60.501079517950515 0.10057691745484794
60.5010795179505 0.10530012956404805
61.25701711092958 0.11065722117389565
61.25701711092959 0.11360272075565991
61.25701711092959 0.11912441932860254
61.25701711092958 0.12355048949104377
61.398071495699305 0.1297025371559121
61.3980714956993 0.1446144392199405
61.39807149569932 0.1532602018684545
61.398071495699305 0.15520425385289824
61.3980714956993 0.16061561689583842
61.16657159731006 0.16910122600137703
61.16657159731006 0.18226812083274743
61.37552457862204 0.18799734032309626
61.375524578622056 0.1952216502309564
61.375524578622056 0.19739555984988044
61.37552457862204 0.19891531551874725
61.37552457862203 0.20374468088385678
61.37552457862207 0.20499997600357395
61.37552457862204 0.2146849032080891
61.375524578622034 0.21571412121050573
61.37552457862202 0.2237746637249507
60.71232295975464 0.22970370553323546
60.71232295975463 0.23270097176214447
60.71232295975465 0.24264766501773746
60.99095173688985 0.24848742065740273
60.99095173688985 0.2573237149710887
60.99095173688985 0.2593317444006849
60.99095173688986 0.26107745109402647
60.99095173688986 0.26488124809042507
60.723720589358926 0.2696505067555439
60.723720589358926 0.274448586900838
60.72372058935892 0.2822028398080831
60.723720589358905 0.29067248091319997
60.483919336216104 0.29099102832617296
60.48391933621611 0.29209823120836925
60.48391933621611 0.29358898740875
60.48391933621609 0.30389530925708974
60.48391933621609 0.31167532857250213
60.48391933621607 0.32175055439664235
61.20050432883545 0.32782950687130435
61.20050432883546 0.331319640304253
61.20050432883545 0.34340781756115596
61.200504328835436 0.3470616035394904
61.20050432883548 0.35954767089120687
61.20050432883544 0.36361090352663133
61.20050432883546 0.36440758914520216
61.11563717467434 0.3796127223011105
61.115637174674355 0.3837149222516493
61.11563717467437 0.4027249424390838
61.115637174674355 0.4074298519011751
61.25136817905563 0.4099358796975735
61.25136817905563 0.4224723923857156
61.25136817905564 0.4247062659037669
61.25136817905563 0.44316630201901835
61.25136817905564 0.44872334401072134
61.25136817905564 0.4512001191319455
61.25136817905565 0.46552377940729994
61.25136817905563 0.4766338919209785
61.25136817905564 0.49968513114267715
60.60714707609722 0.5404195002705842
60.60714707609722 0.5420428754679073
60.60714707609722 0.5449787391965901
60.60714707609722 0.561374516359525
60.6071470760972 0.5619215622568152
60.607147076097235 0.5709264646492087
60.60714707609722 0.5946426122021833
60.60714707609724 0.5976362168838549
60.60714707609722 0.5982922310346299
60.60714707609724 0.6042380441394887
60.60714707609723 0.6226005788294985
60.60714707609722 0.6352216291707343
60.60714707609722 0.6386768870868889
60.60714707609722 0.6476619724371039
60.60714707609724 0.6501740316734167
60.6071470760972 0.6610431688506869
60.6071470760972 0.6665578188296828
60.60714707609723 0.6705215579805491
60.60714707609722 0.6710345099745446
60.60714707609722 0.6838073604623736
60.60714707609724 0.6916146808223139
60.607147076097235 0.6978178969052397
60.607147076097235 0.7060946319666618
60.60714707609724 0.726061957694077
60.607147076097235 0.7263535737246934
59.96683050858762 0.7368252880913158
59.96683050858761 0.7387653290773822
59.96683050858761 0.7413091059993763
59.96683050858761 0.7516272237925344
59.96683050858763 0.7601510038532865
59.96683050858761 0.770547770018369
59.48597578319526 0.7714130612325663
59.48597578319526 0.7717935606196733
59.485975783195286 0.7853981633974483
59.48597578319526 0.7985552988702043
59.48597578319526 0.8005485192722176
59.48597578319526 0.8055974359785163
59.485975783195265 0.8059081075368952
59.07739337770835 0.8065217815628121
59.07739337770833 0.8101455853454709
59.07739337770834 0.8251781618684751
59.96683050858762 0.8339710387035809
59.96683050858762 0.8363743704727618
59.96683050858764 0.8386810149571408
58.74259137561512 0.8420749870294831
58.74259137561513 0.8432283461430411
58.74259137561512 0.8468591192802141
58.74259137561512 0.8585657450849982
58.74259137561513 0.8664385580404542
58.0314316454758 0.8715155769747163
58.03143164547578 0.8737095344838438
58.031431645475806 0.8755784343280144
58.031431645475806 0.8797121147246291
58.031431645475784 0.8902751021276822
59.392833326244265 0.8906416710262193
59.39283332624427 0.893225737341489
59.392833326244265 0.8954776838846
59.39283332624427 0.8978252942276386
59.39283332624427 0.9050425602161583
59.1242314155916 0.9123709530115273
59.1242314155916 0.9204407937440623
59.124231415591616 0.921537124250589
57.117919669792286 0.9242056294800503
57.11791966979227 0.9294707040547368
57.11791966979227 0.9436384878483272
57.117919669792286 0.9454750330745905
57.117919669792286 0.9496507837042247
56.55171868133761 0.9553835624663873
56.55171868133762 0.9647681042334193
56.551718681337626 0.9765826229944627
56.551718681337626 0.9920813818816973
55.71957717245184 0.9959701202336522
55.71957717245184 0.9964914966201948
55.71957717245186 1.0098141724345941
55.71957717245184 1.0317209117364246
54.981909575994514 1.0377161442838756
54.98190957599451 1.0581860671943044
54.98190957599453 1.062929773398438
54.98190957599452 1.0768549578753155
54.86220549426993 1.0855693342275603
54.862205494269915 1.0882830317724195
54.862205494269936 1.103735761762552
54.86220549426993 1.1272556968821117
54.33619553602111 1.1289370368313416
54.33619553602112 1.1421252397826507
54.336195536021116 1.1517925741466886
54.14481415291754 1.1630514812040136
54.14481415291753 1.164812837886747
54.14481415291754 1.1792667741338096
54.14481415291752 1.1801892830972098
54.144814152917554 1.182106826288662
54.23420950810345 1.1872688108379048
54.23420950810346 1.195762920838562
54.23420950810345 1.207085682594349
54.23420950810344 1.2147455047586142
54.23420950810345 1.2212751358048335
54.23420950810346 1.2303313799353666
54.234209508103426 1.2332368128586808
55.06366243190899 1.238910984272017
55.06366243190899 1.240849234648342
55.06366243190899 1.2490457723982547
55.06366243190899 1.2589956927910595
54.69164900227671 1.2592494998922086
54.691649002276705 1.2608562468525697
54.691649002276705 1.2681691239643391
53.779313242844346 1.2767203659646946
53.77931324284433 1.2847448850775787
53.77931324284433 1.2895641248766014
53.779313242844346 1.2935707812327786
53.77931324284435 1.2984560728064873
53.77931324284432 1.3037855524481352
54.43163389212278 1.3140226667738335
54.431633892122775 1.318378906086463
54.43163389212278 1.3226828776982202
54.431633892122775 1.3243002141499005
54.43163389212278 1.331246491984654
54.14481415291754 1.335040063592495
54.14481415291753 1.3355639437506284
54.14481415291752 1.3530645877693284
53.88216028735146 1.3562718213719425
53.88216028735147 1.3612485873955091
53.88216028735146 1.3670516459110398
53.88216028735143 1.3758517424292616
54.22144776676362 1.3797836589845447
54.22144776676361 1.3857240867453453
54.010443690842436 1.4011714035384368
54.010443690842436 1.4150433460436045
54.01044369084241 1.4184965265224128
54.010443690842436 1.423880493751886
54.01044369084244 1.4288992721907325
53.74069485722179 1.4335432016549559
53.740694857221776 1.436474884841928
53.74069485722178 1.4378276063705693
53.74069485722177 1.4492268403641428
53.592399915657104 1.455290658764393
53.59239991565711 1.4567890344015546
53.592399915657104 1.4629363011228131
53.5923999156571 1.4637688537455225
53.592399915657104 1.4834614481220654
53.592399915657126 1.485291033116692
53.59239991565713 1.4871211921275003
54.59032703903114 1.489892227639666
54.59032703903114 1.489892227639666
54.59032703903112 1.5022018233406222
53.920677354487886 1.5107592747994596
53.92067735448789 1.5109600074710248
53.920677354487886 1.513009496023959
53.92067735448788 1.513534154947487
53.92067735448789 1.5348406064742965
53.9206773544879 1.5385494443596426
53.92067735448788 1.548577761468178
53.83076132706933 1.5544043524868913
53.83076132706933 1.5623931632472496
53.83076132706933 1.5643448034019278
53.83076132706932 1.5798050920853137
53.830761327069325 1.5803198483885093
53.83076132706935 1.5901487492103517
53.83076132706932 1.5926906379176748
53.83076132706932 1.5940479496053597
53.84361566701187 1.5981119353596585
53.84361566701188 1.606242467053611
53.843615667011896 1.6126323669086764
53.843615667011896 1.6158109425694238
53.843615667011875 1.6226017835858977
53.84361566701187 1.6287957200028496
53.920677354487886 1.6308333787903337
53.920677354487886 1.6354542732188782
53.9206773544879 1.6411027909135214
53.92067735448789 1.6640502418996768
53.9206773544879 1.6667966171643818
53.9206773544879 1.6804031281870633
53.92067735448789 1.6814535479687918
53.920677354487886 1.6865555445157072
53.92067735448789 1.696346063903422
53.92067735448789 1.6980667649764332
53.920677354487864 1.7017499058335834
52.57553472111409 1.7111111042385128
52.57553472111408 1.7148301302838913
52.57553472111407 1.7288862979165824
52.57553472111408 1.7335237014352778
52.57553472111408 1.7348708907665304
52.57553472111408 1.751203229961982
52.57553472111409 1.7565982032233267
52.57553472111406 1.760538974826635
52.57553472111409 1.7663331527258754
52.57553472111406 1.771923212611436
52.57553472111407 1.7739833276855799
52.57553472111408 1.7778690039119283
52.15925838520059 1.792523367111298
52.15925838520059 1.8094056493030979
52.1592583852006 1.8192837474522994
52.57553472111409 1.825272669051042
52.57553472111409 1.8301280711955814
52.575534721114096 1.8317852666482264
52.57553472111408 1.8320148614094316
52.575534721114096 1.8378901265887668
52.575534721114096 1.8413097137881196
52.318230396620926 1.8498681864187225
52.31823039662092 1.8697371496470545
52.31823039662093 1.8717165611553215
52.31823039662092 1.8770841961319533
51.71287512106823 1.888949774403995
51.712875121068244 1.8894981101498827
51.71287512106822 1.8963636565505868
51.71287512106823 1.9009148867038315
51.712875121068244 1.9108934463046592
51.71287512106825 1.92299432176071
51.73963296523433 1.9249096787763837
51.73963296523431 1.9264322110956564
51.73963296523432 1.9303439976861034
51.73963296523433 1.935203915940099
51.73963296523431 1.9414375530971424
51.739632965234335 1.9497759875361995
51.73963296523432 1.9606233394495385
51.289597750130994 1.9651463349220335
51.28959775013099 1.970700623263016
51.289597750130994 1.992525899904889
51.28959775013099 1.9947535992987921
51.28959775013098 2.004480154416345
51.28959775013099 2.0060278141022283
50.49296478360616 2.0145789995445376
50.43706969638771 2.0195196708056176
50.41516170495984 2.021457652875531
50.29773092633979 2.0318599622185474
50.24373242137891 2.0366514377286924
50.232612200338025 2.037638813104278
50.22734101645571 2.0381069230759374
50.16595200081785 2.043562224112898
50.05645036050346 2.0533096218173736
49.96861474839832 2.061143820800969
49.781322229557176 2.0778948311872334
49.695137860804934 2.08562414586023
49.66861272801669 2.088005710086563
49.638790417012906 2.090684831402433
49.57685129415106 2.0962543500038175
49.555373426672034 2.098187248328389
49.53476035285426 2.100043107626741
49.41084575202336 2.1112158270654806
49.31653247151297 2.1197383479924277
49.27048280813312 2.1239055012213233
49.26694016668082 2.1242262453366973
49.201821246557564 2.1301261021984614
49.16081081402078 2.1338457081223976
49.12729582707317 2.1368877893028273
49.05312297228352 2.1436276806292898
49.016987154755064 2.146914939744805
48.99739476733041 2.1486982637571423
48.8738745335402 2.1599576783754117
48.81034924148589 2.1657593747787907
48.694699096166445 2.1763409903998667
48.491915344244475 2.194955861277562
48.445547586388386 2.199223200593221
48.42698727920744 2.200932496285235
48.3712229965776 2.2060720041765833
48.34353118114259 2.20862641887835
48.20316914143783 2.221596576031878
48.10859606469763 2.230356917043182
48.104563382906775 2.2307308486496846
48.05799189879761 2.2350514760344216
48.04464488828648 2.236290504827321
47.85187905191085 2.2542238159848735
47.836111499957404 2.255693891137715
47.79502292847958 2.2595270291706147
47.789944072504426 2.260001062633476
47.76565497069162 2.2622687752816484
47.70815637944238 2.2676416373787363
47.576095895271536 2.2800063700179574
47.51692657057793 2.285557491280443
47.43643233158935 2.2931203722954328
47.413319935088495 2.2952942819143574
47.39581046121053 2.2969418965289132
47.3559392881817 2.3006959849466275
47.348769102616025 2.3013714323278665
47.340049354142316 2.3021929898163767
47.264890574675825 2.3092805815511364
47.13010059641541 2.3220197665761497
47.05847447093662 2.3288040817174824
47.05716169939129 2.3289285217367506
46.965857048023565 2.3375919851453855
46.84644119581641 2.3489482402124477
46.835168723060946 2.3500217290875645
46.72097148821794 2.3609114363407504
46.65657836049066 2.3670636273696153
46.639530304166904 2.368693839211707
46.63703339755998 2.36893265468241
44.91388317330279 2.3749716257847773
44.866627136046844 2.379267318082489
44.85857733263492 2.3799995163774152
44.85435836615446 2.3803833198511812
44.79943247724374 2.3853832781851385
44.754089826783456 2.389515486070592
44.73821623643984 2.3909630820484273
44.63258001592558 2.4006097054392557
44.60040524271771 2.4035524189628887
44.49129186263981 2.413547789283511
44.48066677210332 2.414522413918351
44.46159439454256 2.416272480493732
44.436096722080904 2.4186133001883023
44.38282385407552 2.4235083659850503
44.35896494486893 2.425702586699169
44.32925050360561 2.428436971067941
44.22826049689158 2.437744000384847
44.211011875205855 2.439335722080786
44.19722110923548 2.4406087958678784
44.142131148831304 2.4456983085439554
44.10230361596341 2.4493817519612238
43.96530808136271 2.462077211837138
43.952029875518114 2.463309813544577
43.922583599888426 2.466044609039476
43.81450039917778 2.4760984755573685
43.75634353869194 2.4815184766838914
43.754846054173356 2.4816581317350046
43.72677053430504 2.4842773332673853
43.70275013008301 2.486519563063645
43.66950267939817 2.4896251431416623
43.593102105784446 2.4967705416019026
43.59015295652559 2.4970466130974085
43.540362501989065 2.5017103468523114
43.47653847704493 2.5076963721606194
43.44090308852385 2.511042422593575
43.42597832800205 2.5124446260703306
43.34914434386725 2.519670928363039
43.331383562901124 2.521343167606972
43.32290294036284 2.52214188948185
43.310648745513475 2.5232962901234504
43.286124842246295 2.5256075340819635
43.20122150254321 2.533619336593494
43.18952428993657 2.5347243640205543
43.16656678734864 2.536894013471638
43.06066848323854 2.5469171271620934
43.037863576510105 2.54907880245032
42.94756385756306 2.5576495676610325
42.94433008110488 2.5579568345126322
42.71962692163299 2.5793645309501843
42.69198089328719 2.5820061717356997
42.67781612131934 2.5833603107068215
42.65942153728371 2.5851194867079537
42.65621290730717 2.5854264234693396
42.594384156523155 2.5913454599012886
42.554248438026484 2.59519236338686
42.54902006740928 2.5956937561025044
42.46094456435596 2.6041493350080356
42.404069304884366 2.609618898446039
42.39227863168332 2.610753698509124
42.375741326747224 2.612345872757949
42.29255131689028 2.620364654773003
42.20303373233241 2.629010996471888
42.136337224203494 2.6354650226788174
42.12455641709267 2.636606078475705
41.99775894238665 2.648907565416342
41.94646289060718 2.653894699903647
41.90619896857735 2.6578135364585846
41.87790889461214 2.6605692263564964
41.874359885390604 2.660915060956911
41.81849654832346 2.6663625509803306
41.79325091451426 2.668826756271791
41.72304109938441 2.6756877120799962
41.68367204292656 2.679539939568418
41.656871522970114 2.6821644288319915
41.623587262072945 2.685426201776216
41.552612499590154 2.6923902676995484
41.53735365607074 2.6938890237055797
41.52545325851277 2.695058288206121
41.188933431974526 2.728262249050466
41.17572672094836 2.7295708633525497
41.129417754439054 2.7341628016886177
41.103844119895406 2.7367008673047093
41.02051114960569 2.744982251482384
40.97229499809255 2.749781516554696
40.80655540553474 2.766321830733835
40.798387920217124 2.767138657180721
40.7131607949203 2.775671951947706
40.52688876972951 2.7943846371670156
40.518799722782134 2.7951992013985376
40.517727896552195 2.795307146130415
40.3575195311745 2.811474093680859
40.297697776940765 2.8175272885128653
40.22502875815529 2.8248925613022235
40.16024872855731 2.831469482149535
40.099002955468805 2.8376973443327036
40.06977857772555 2.8406724192293686
40.052453825876604 2.84243712327985
39.917695899857634 2.8561897202121727
39.8215743178217 2.866027718852029
39.61984197574665 2.8867523772217925
39.41553399541526 2.9078494727208914
39.31936397265911 2.9178179898648424
39.15413441140034 2.935001950601626
39.06600537860556 2.9441970937399136
39.004090905518844 2.9506694952672077
38.96641210876066 2.9546133836708823
38.962927191130866 2.954978347158328
