47.024668665178154 3.1997702953229377
46.28826146333991 3.2579479370560818
45.56338641222831 3.316125578789226
45.11615152057722 3.3185307097474963
44.73103007871732 3.4009243979904773
45.04707264989879 3.426170257022758
43.99127006298503 3.490658503988659
43.81051810569061 3.548836145721803
43.63050882461399 3.6070137874549477
43.451239168236505 3.6651914291880923
43.27270609757767 3.7233690709212355
43.09490658614361 3.78154671265438
42.91783761987568 3.839724354387525
42.9713834125403 3.8494765353564495
42.87464628562719 3.888175370905776
42.14204025784022 4.006033711165834
42.672406260432076 4.034418770591897
42.53433378075893 4.084101082334202
41.77091917328748 4.18887608166776
41.17016758481726 4.245546494075308
41.018604944062815 4.3225619677300475
42.04339494883267 4.377364869303873
41.737770933428514 4.448609114083628
41.584204128543206 4.4505895925855405
41.34833465961339 4.494222823885399
41.11380306422325 4.537856055185257
40.88060175382983 4.581489286485115
40.64872318293301 4.625122517784973
40.41815984883152 4.6687557490848315
40.18890429138007 4.71238898038469
93.25431240434365 0.3576632510112061
91.26655890898103 0.3727267614719558
90.69607790148814 0.42448042181531154
91.18690642364278 0.4362374482198641
89.8797736001941 0.494384631301898
89.19575299834167 0.521191101170877
88.27156117408781 0.5427052105757468
90.19490621574165 0.5527231299539768
88.20097371744761 0.5667292175235064
87.25435117693537 0.6226005788294993
85.3539344005129 0.6386768870868886
84.19885015118678 0.6665578188296832
86.12877620148448 0.6838073604623736
84.39177873667018 0.6916146808223136
85.59682592828163 0.6978178969052404
84.58426727173435 0.7263535737246931
84.93535094900386 0.7413091059993766
82.38339772947755 0.7601510038532862
84.03018900585587 0.7705477700183687
83.60497824617416 0.7853981633974483
82.36659550669387 0.8005485192722182
81.12636987609739 0.8059081075368946
84.04665865131003 0.8101455853454711
83.67117216761766 0.8251781618684753
77.45631652007555 0.8337475500493507
79.16191632685374 0.8432283461430412
81.26274188084648 0.8468591192802144
79.65865759667187 0.8585657450849986
82.21101215184704 0.8664385580404543
78.51674275422768 0.8755784343280144
77.85733559454984 0.8978252942276388
76.66603981489884 0.9050425602161578
77.23710853117208 0.9204407937440626
77.9550487099916 0.9461609040232828
76.93636430355372 0.9647681042334195
79.04818730973544 0.9920813818816976
77.420569855034 0.9964914966201945
74.38909210510272 1.0629297733984373
75.10661395781074 1.1124026099071678
71.9633220688386 1.127255696882112
71.4663518473329 1.1421252397826507
70.75103774900093 1.164812837886747
69.85526311930353 1.195762920838562
69.58229301862727 1.2303313799353663
68.88257899194335 1.2895641248766019
68.26698047253423 1.3226828776982202
63.97582804774366 1.4184965265224125
66.30249438177778 1.423880493751886
65.48329774634922 1.449226840364143
64.06770856115284 1.483461448122065
63.93795651830784 1.5109600074710245
63.85672760876221 1.538549444359643
63.252391669431084 1.5940479496053594
63.29067342476736 1.6126323669086764
62.80221052685028 1.6411027909135214
61.84168871940529 1.6804031281870628
62.564845253478374 1.6980667649764332
60.814824726989016 1.7017499058335837
61.65115612787091 1.728886297916583
59.90910069447515 1.7335237014352778
62.06509586367748 1.7663331527258759
59.7587421758188 1.7739833276855794
60.99095173688985 1.8192837474522996
61.2908997687558 1.8378901265887677
61.013640768778856 1.8894981101498836
60.83757944448776 1.9108934463046587
60.90011107881302 1.941437553097142
59.63702201203265 1.992525899904889
59.596393379182174 2.014578999544538
59.58478011003521 2.0366514377286933
59.147636525683716 2.14362768062929
58.5360622884329 2.199223200593222
57.65456133652024 2.2622687752816475
57.401939853648976 2.3489482402124473
57.0087712549569 2.38538327818514
56.20802932458701 2.400609705439255
56.27631475619187 2.408554367752174
55.86292096520405 2.443460952792062
55.45256387672892 2.4783675378319483
55.04522118379834 2.5132741228718345
54.64087074330629 2.5481807079117207
54.23949057480536 2.583087292951607
53.84105885931175 2.617993877991495
54.106456643537754 2.6366060784757064
54.068071922198996 2.6609150609569117
52.74637362696935 2.685426201776215
53.8050434342538 2.6950582882061216
53.14503235174309 2.7497815165546946
52.15925838520056 2.766321830733837
52.84468330525994 2.795199201398537
52.09287686497267 2.837697344332703
51.188301539833034 2.8561897202121713
50.18477967199462 2.9350019506016256
50.089332377024206 2.9670597283903604
49.30493248342058 3.025237370123506
48.53281630700558 3.0834150118566495
47.77279148453535 3.141592653589793
