78.48588791672121 -1.182635262728014
78.48588791672121 -1.1812486047348643
78.48588791672118 -1.1777383076129642
78.4858879167212 -1.1774551819127148
78.4858879167212 -1.174714885230589
76.31318642374546 -1.1709652260520165
76.31318642374548 -1.1659045405098134
76.31318642374548 -1.158102358128271
76.31318642374548 -1.1441688336680202
76.31318642374548 -1.1412562205450305
76.31318642374548 -1.1407751815377982
76.31318642374548 -1.1379512972076258
76.31318642374548 -1.1331651512544636
76.31318642374548 -1.1305558132401166
77.22366741931246 -1.1258858773721532
77.22366741931246 -1.1223980803019815
77.22366741931246 -1.1198062696281423
77.73724708770621 -1.1122248163273891
77.73724708770622 -1.10954679473192
77.73724708770622 -1.100612863148159
77.73724708770622 -1.0977446063139469
77.73724708770625 -1.0944911659600385
77.73724708770622 -1.0804488327888253
77.73724708770622 -1.0768549578753155
77.73724708770622 -1.0768549578753155
77.25054730436237 -1.0747920417712233
77.25054730436236 -1.0664189041220253
77.25054730436233 -1.0597801147283177
76.79230966398532 -1.0540255049933331
76.79230966398534 -1.0480915087101574
76.79230966398532 -1.0448986272161376
76.79230966398532 -1.0408843207160923
76.79230966398532 -1.0355987111750893
76.79230966398531 -1.0353767848582711
76.79230966398534 -1.0351729528186964
76.79230966398531 -1.0168869197442911
76.47624413473126 -1.015865971751438
76.47624413473126 -1.0012790124066024
76.47624413473126 -0.9979649729605028
76.47624413473125 -0.9970558306460652
76.47624413473125 -0.9919342365031247
76.47624413473126 -0.9849535471027354
76.47624413473126 -0.9847354683797723
76.47624413473126 -0.9772932286662905
76.47624413473129 -0.9703117085551337
76.47624413473126 -0.9682637022738776
76.47624413473126 -0.9644929379940903
75.15267044777934 -0.9578260571003931
75.15267044777934 -0.9492063590412493
75.15267044777936 -0.9482293478578654
75.15267044777933 -0.9470195185804613
75.15267044777936 -0.9456288476755103
75.15267044777934 -0.9329662347114434
75.15267044777934 -0.9307081740331506
75.15267044777934 -0.9303595597889497
75.15267044777934 -0.9236411538751768
75.15267044777934 -0.916866859084317
75.15267044777934 -0.9165098118799951
75.15267044777933 -0.9118868673661749
75.15267044777934 -0.9013145396899654
75.15267044777936 -0.8972884295691242
75.15267044777934 -0.8893697153221063
75.15267044777933 -0.8843645688130373
75.15267044777934 -0.8730848185269489
72.48980263471562 -0.8685393952858899
72.48980263471563 -0.842155321219541
72.48980263471563 -0.8375248124430938
72.48980263471562 -0.8349443579885738
72.48980263471563 -0.8346540653817723
72.48980263471563 -0.8293259304743373
72.48980263471563 -0.8068234558459827
72.48980263471563 -0.7968262372945525
72.48980263471563 -0.7853981633974483
72.48980263471563 -0.7853981633974483
72.48980263471563 -0.7853981633974483
72.48980263471564 -0.7770650229573124
72.48980263471562 -0.7595418580381885
72.48980263471563 -0.756629124579855
72.48980263471562 -0.7507299781879488
72.48980263471562 -0.7505285818426585
72.48980263471562 -0.7437555842988602
72.48980263471564 -0.7373582305496857
72.48980263471562 -0.7347169633199936
72.48980263471564 -0.7298996581517316
72.48980263471563 -0.7207823594994647
72.48980263471563 -0.7132345344377907
72.48980263471563 -0.7125346832704486
72.48980263471562 -0.7105383156866814
72.48980263471564 -0.7078838817666566
72.48980263471563 -0.6996712876267034
70.85855104400149 -0.6957514470759618
69.78092262667325 -0.6898813257218057
69.78092262667323 -0.675671174513372
69.78092262667323 -0.6755480445503176
69.95920709555996 -0.6662053648835761
69.95920709555996 -0.6600741769059019
69.95920709555996 -0.6594855377116499
69.95920709555996 -0.6528466311007739
69.95920709555995 -0.6365082157879515
71.59695920550013 -0.6278902159898708
71.59695920550013 -0.6276294258014944
71.59695920550013 -0.6165662613863276
69.27329158727511 -0.6103781383162791
69.27329158727512 -0.6055446636049697
69.27329158727512 -0.6055446636049697
69.27329158727512 -0.6042014810682071
69.27329158727512 -0.6009515200526913
69.27329158727512 -0.5902397362807782
69.27329158727514 -0.5748262065612444
69.27329158727512 -0.5547297934737451
68.80718760234242 -0.553615215246031
68.80718760234241 -0.5528412215925393
68.80718760234242 -0.5428466799702575
68.80718760234244 -0.5368028795110387
68.80718760234244 -0.5340703792366079
68.80718760234242 -0.5184851758100477
68.80718760234245 -0.5182556425317527
68.80718760234241 -0.5153725472525875
67.53315218171456 -0.5045604387762455
67.53315218171456 -0.4997764595135815
67.53315218171456 -0.4961271577883065
67.53315218171456 -0.4861518477949721
66.68756881091134 -0.46167522497075997
66.68756881091134 -0.46124953206297636
66.68756881091134 -0.4600375163808062
66.68756881091133 -0.4465343653836721
66.68756881091134 -0.4447819229791353
66.68756881091133 -0.44467969439637955
66.68756881091134 -0.4409977613546513
66.68756881091134 -0.4266274931268759
66.20848898623825 -0.4258921991417431
66.20848898623824 -0.42210672826452356
66.20848898623824 -0.4091561527600751
65.2715912387416 -0.3930580191819325
65.2715912387416 -0.39181113703509773
65.27159123874162 -0.38392711633532245
64.8300946819499 -0.3762941021099522
64.8300946819499 -0.37226933111904686
64.40706402401659 -0.3593051437632389
64.40706402401659 -0.3414524383094511
64.40706402401659 -0.3389902255911719
64.92076618735288 -0.327481150691187
64.92076618735287 -0.3217505543966423
64.92076618735287 -0.31487781037547186
65.67325009885465 -0.3047550238222619
65.67325009885467 -0.3014487755374237
65.67325009885468 -0.3005523167905654
64.2025880968914 -0.29277316054508085
64.2025880968914 -0.2860514417173184
64.2025880968914 -0.2712520074848836
64.20258809689139 -0.265273575881979
63.563444043609856 -0.25732371497108864
63.56344404360987 -0.2563676923177997
63.56344404360986 -0.2473539555718234
63.56344404360989 -0.24367827374282103
63.563444043609856 -0.24361811974866837
63.56344404360987 -0.237274655299364
63.00573928929811 -0.2212005860349507
63.005739289298106 -0.21927390647769734
63.005739289298106 -0.21347996353618606
63.00573928929811 -0.20499997600357417
63.005739289298106 -0.19739555984988072
63.005739289298106 -0.19739555984988072
63.0057392892981 -0.1906389059140957
63.00573928929811 -0.1891990220999681
61.95349299367751 -0.18622284041114145
61.953492993677514 -0.1819646859591859
61.95349299367753 -0.17338270907176187
61.74649591503527 -0.1674979291617014
61.74649591503526 -0.1667538124727013
61.74649591503528 -0.16658339665976327
61.74649591503527 -0.1619673519860353
61.74649591503527 -0.15549138326859557
61.74649591503527 -0.15307869719670253
61.74649591503527 -0.14970939566426508
61.74649591503528 -0.13640260440094726
61.74649591503528 -0.13517069864900869
61.746495915035275 -0.1321728878619108
61.74649591503528 -0.12368965865025928
61.74649591503527 -0.11550566803050348
61.746495915035275 -0.10693515399498364
62.309918564840814 -0.08980518655416769
62.3099185648408 -0.08588095106098498
62.309918564840814 -0.07677189126977804
62.215442180175344 -0.0709706510560261
62.21544218017534 -0.05938953619236144
62.21544218017535 -0.0587558227157225
62.14309861828869 -0.052085549214178635
62.1430986182887 -0.05080370405822188
62.14309861828869 -0.04758310327698352
62.14309861828867 -0.035446140258714974
62.076245115281075 -0.023692248470424584
62.076245115281075 -0.01621479500440192
62.076245115281075 -0.00799982933988696
62.076245115281054 -0.0066224197426677945
62.076245115281054 -0.006369340618663183
62.07624511528108 -0.00552480566567262
62.07624511528108 -0.003717454994443273
62.059520486747104 0.004739301009466523
62.0595204867471 0.007299140443697122
62.05952048674711 0.02621122419700138
62.059520486747104 0.029117981507038742
60.91715402067991 0.03380354369345511
60.91715402067991 0.04513062505474883
60.917154020679924 0.0469453482614075
60.917154020679924 0.04901730810215644
60.91715402067991 0.06069882545195267
61.58938703344683 0.06212092498838466
61.58938703344683 0.07266874899751695
61.58938703344683 0.07304056530311916
61.58938703344682 0.0826839845494798
61.589387033446826 0.08550529367820477
61.138279934558206 0.09153096711979847
61.138279934558184 0.10574928512133917
61.84168871940529 0.10960680139216658
61.47692058574407 0.13919070126573538
61.476920585744054 0.14189705460416377
61.476920585744054 0.14298637879202628
61.476920585744054 0.15115604926628723
61.070326469460646 0.15960637470158273
61.07032646946065 0.16608588426300025
61.07032646946065 0.16675381247270107
61.07032646946064 0.16845627284991305
61.07032646946065 0.168750102420301
61.07032646946067 0.17409880457566757
61.070326469460646 0.17467219900823966
61.268313412184796 0.17856539402142488
61.2683134121848 0.18848710954819323
61.2683134121848 0.19222764720107566
61.268313412184796 0.1992894969793008
61.26831341218481 0.210509562127356
61.26831341218482 0.21308933855605414
61.2683134121848 0.22024872339068885
61.2683134121848 0.22679884805388587
61.26831341218482 0.23684876094692034
61.561289683885384 0.24613741115981236
61.56128968388539 0.25636769231779966
61.561289683885384 0.2633065495691609
61.56128968388539 0.2634410937997649
61.290899768755786 0.2670937997938703
61.290899768755786 0.27551104381304853
61.611855687405445 0.2855126486660068
61.61185568740545 0.2997760700999797
61.611855687405445 0.31141500512649406
61.61185568740547 0.3134519897119729
61.572530162307245 0.3157083318559415
61.57253016230725 0.32175055439664235
61.57253016230725 0.3364015206780354
61.39243554273207 0.336900910271412
61.392435542732066 0.3399777022664799
61.39243554273208 0.3436049978800046
61.392435542732066 0.34706160353949056
61.39243554273205 0.34991212138453487
61.392435542732066 0.36653850988845166
61.392435542732066 0.3797329820616144
61.39243554273206 0.3880738002248774
61.33604753033569 0.388520453090044
61.33604753033569 0.40929219792623095
61.336047530335684 0.41202179023724333
61.336047530335684 0.4131854349839505
61.336047530335684 0.43152255892362423
61.33604753033569 0.4360537653809687
61.336047530335684 0.44237422297674445
61.33604753033566 0.4735482755887946
61.33604753033569 0.47850851066566846
61.33604753033567 0.47903101078140126
61.33604753033569 0.5000687432153129
61.336047530335684 0.5285717134276405
61.33604753033569 0.5387747649115682
61.3360475303357 0.5532095004857837
61.336047530335684 0.5604168342437345
61.33604753033567 0.5667292175235062
61.33604753033567 0.5681901368640055
61.33604753033566 0.5688478584213587
61.33604753033567 0.5796151021976387
61.336047530335684 0.5944210006465525
60.69025157125689 0.6251674791193862
60.69025157125687 0.6267429012110465
60.69025157125689 0.6400881527617456
60.69025157125689 0.6463022219153771
60.69025157125687 0.6469854152504254
60.69025157125686 0.6643709435882431
60.31204898355847 0.667886517966003
60.31204898355846 0.6818098837476946
60.312048983558455 0.6847295112396194
60.312048983558434 0.690446457054692
60.31204898355845 0.6951913799264564
60.312048983558455 0.6969595075502719
59.689218190273614 0.7016782278699056
59.689218190273614 0.714090698612158
59.689218190273614 0.7144514489572585
59.68921819027362 0.7238322316595148
59.68921819027362 0.7263535737246929
59.57316457698268 0.7295123615018475
59.57316457698268 0.7306583833475678
59.57316457698268 0.7356879066282287
59.573164576982684 0.7441844007391276
59.57316457698268 0.7500593461447966
59.57316457698267 0.7546386373269794
59.573164576982684 0.7606507414494247
59.57316457698267 0.7650963845382305
58.65416795663477 0.7712147174061396
58.654167956634765 0.7903981217314066
58.23380865603963 0.7925408990668618
58.233808656039635 0.7956542140391155
58.233808656039635 0.795868984902145
58.23380865603965 0.8106453229416101
58.23380865603961 0.8114339455798357
58.23380865603961 0.8166379968277162
59.93219929312395 0.8201064416227233
59.93219929312394 0.8335536764573636
59.93219929312394 0.842038546536824
59.93219929312394 0.8438421682249297
57.52237416355278 0.8505233267318342
57.52237416355278 0.8609298734097022
57.52237416355278 0.869410475204943
58.86028263585147 0.8702999568471702
56.37399827634102 0.8740540452648857
56.373998276341005 0.877445012260855
56.373998276341005 0.8966391556667344
56.373998276340984 0.9018896240920984
56.37399827634102 0.9050425602161579
56.183399634266245 0.9115897031704729
56.18339963426623 0.9348138733139157
56.183399634266245 0.9417209446568746
56.18339963426625 0.9488212169856605
55.39571392361748 0.9665948457266897
55.39571392361749 0.9687101474244689
55.39571392361748 0.9882821423420883
54.90633736057197 0.9991369930940441
54.90633736057196 1.002896834791009
54.90633736057196 1.009421810435372
54.90633736057195 1.0101093318120908
54.90633736057198 1.0130874831661039
54.90633736057195 1.037244850402746
54.90633736057198 1.0460005551447893
54.68532187951118 1.0469804666390807
54.68532187951118 1.048392895078368
54.6853218795112 1.0621963220294386
54.68532187951119 1.0724277593512241
54.34256330769842 1.0805206306060477
54.342563307698406 1.0867433871075527
54.342563307698384 1.0979746632489806
54.342563307698406 1.1090109130344552
54.34256330769841 1.1106330242512321
54.342563307698406 1.1154587758068821
54.34256330769841 1.1240326667257086
54.342563307698406 1.126754048651295
54.33619553602111 1.1289370368313416
54.33619553602112 1.1454574927485004
54.33619553602112 1.1504361610785447
54.33619553602112 1.1769782849586188
55.0007864051989 1.1813527497042857
55.0007864051989 1.1886796451162847
55.00078640519888 1.1888171966972603
55.00078640519891 1.1937661813346798
54.016849863761514 1.1973676879158244
54.01684986376151 1.2214936911504954
54.70430105241468 1.2252407462131845
54.7043010524147 1.235533081384926
54.31708774189984 1.2456211282523602
54.31708774189983 1.2490457723982542
54.31708774189983 1.2655731930009753
54.5142119814501 1.2695207264224229
54.51421198145009 1.2847448850775787
54.51421198145009 1.2914731266937896
54.5142119814501 1.2937087884082756
54.51421198145011 1.2967623335684797
54.5142119814501 1.3159560504268963
54.51421198145009 1.3183789060864628
54.51421198145009 1.3203532371835442
54.51421198145009 1.3203532371835442
54.51421198145012 1.3212094013579123
54.28522647229897 1.3245036039776046
54.28522647229897 1.3412689725516065
54.28522647229898 1.3419974814076712
54.28522647229897 1.3496663522553805
54.28522647229898 1.3573163632587102
54.28522647229898 1.3583643062861543
54.45705587209113 1.3585713456206703
54.45705587209113 1.3612485873955087
54.457055872091146 1.3637236496778653
54.45705587209114 1.380633913856175
54.457055872091146 1.3834759927691556
54.45705587209113 1.3857240867453449
54.45705587209113 1.3917810497734113
54.69164900227671 1.3923858274438563
54.69164900227671 1.398954308909365
54.69164900227673 1.4184965265224125
54.691649002276705 1.418695544696778
54.69164900227671 1.434040615063992
54.691649002276726 1.44700854716178
54.69164900227671 1.4472458373038528
53.592399915657104 1.455290658764393
53.592399915657126 1.457193606039236
53.59239991565711 1.4651997911632042
53.59239991565711 1.4775424116901172
53.592399915657126 1.4826532128037573
53.59239991565713 1.4977557614917771
53.59239991565714 1.5061383803709154
53.59239991565715 1.506664211793465
53.592399915657104 1.5196781078862183
53.592399915657126 1.5222907145545133
53.59239991565713 1.5256657017401478
53.59239991565715 1.5337762109209665
53.84361566701187 1.5434807182301347
53.84361566701185 1.5451609182732193
53.843615667011846 1.547544703984434
53.84361566701185 1.5506648186644942
53.84361566701185 1.56304454408269
53.84361566701186 1.563602206304604
53.843615667011846 1.5661015256074016
53.843615667011846 1.5773321814408277
53.84361566701183 1.5783149821072002
53.84361566701185 1.5790606014545479
53.84361566701185 1.5803198483885095
53.84361566701183 1.584879902617757
53.843615667011846 1.5968773680856487
53.255602236292226 1.598413612676439
53.255602236292226 1.6165160781911847
52.71356299078437 1.6210333516542375
52.713562990784375 1.628583157565834
52.713562990784375 1.6323299201439403
52.71356299078436 1.6383624942313952
52.71356299078437 1.6438368920980162
52.71356299078438 1.6555600559075143
52.71356299078437 1.656301620473101
52.713562990784375 1.6632152271330631
52.713562990784375 1.668231178087153
52.71356299078439 1.689847894340581
52.71356299078437 1.69214832736566
52.71356299078437 1.6933320389340103
52.71356299078436 1.7089828232892943
52.71356299078437 1.714830130283892
52.71356299078438 1.7313082522767558
52.17252455401311 1.7350182204155562
52.17252455401311 1.7398975527962737
52.17252455401309 1.7546268272724597
52.377720507257024 1.7571791160210528
52.37772050725703 1.7599953488948648
52.37772050725704 1.7630239739959723
52.37772050725703 1.7868812990916831
52.37772050725704 1.7902268871445794
52.37772050725703 1.791625096524245
52.15925838520059 1.792523367111298
52.15925838520058 1.7947008269252462
52.1592583852006 1.7975951748487822
52.1592583852006 1.8099133923414656
52.1592583852006 1.8320148614094316
52.1592583852006 1.8326187260703308
52.159258385200594 1.8383015081219536
52.15925838520059 1.8390266127322237
52.159258385200594 1.8404468335504405
52.159258385200594 1.846361261532661
52.1592583852006 1.847883865181518
52.1592583852006 1.8568477685122147
52.1592583852006 1.8643853142036462
52.159258385200594 1.8697371496470552
52.159258385200616 1.8710777876874267
52.15925838520058 1.8925468811915394
52.15925838520058 1.8925468811915394
52.1592583852006 1.9037196006302781
52.1592583852006 1.9038245985299342
52.159258385200594 1.9052580609549647
52.15925838520059 1.9106172032177633
52.159258385200616 1.9152702420331795
50.9851053628227 1.9180887705888279
49.324482108895296 1.9266950922673083
49.324482108895296 1.9271650801473
49.32448210889528 1.9371269904925243
49.324482108895296 1.9499001802827045
49.32448210889528 1.961403370492584
49.324482108895296 1.9682945324644125
49.324482108895275 1.969599908242496
49.32448210889527 1.97009376584788
49.324482108895296 1.9703118207942711
49.32448210889528 1.970513515023081
49.3244821088953 1.986510201397043
49.3244821088953 1.9880637188671815
49.3244821088953 1.9884060283015519
49.32448210889528 1.9912813910305514
49.32448210889531 1.992525899904889
49.32448210889531 1.998448409727174
49.324482108895296 2.010949565083709
49.3244821088953 2.0154760211912763
49.32448210889528 2.023374277265596
49.3244821088953 2.031186618325697
49.324482108895296 2.0317914221226983
49.324482108895275 2.036865238569949
49.32448210889528 2.063389078865194
49.324482108895275 2.077089678382153
49.32448210889531 2.0835846702117227
49.32448210889528 2.0905647184968794
49.32448210889531 2.09098737274052
49.3244821088953 2.098423347958049
49.32448210889531 2.0997714054190544
46.67304753533505 2.1129340384330346
46.67304753533508 2.1132991573847404
46.67304753533507 2.1136430067651544
46.67304753533506 2.121296130784529
46.67304753533506 2.123905501221323
46.67304753533506 2.1342997490557813
46.67304753533506 2.134544927213667
46.67304753533507 2.1468090972388496
46.67304753533507 2.1505541230554943
46.67304753533507 2.1629830063445397
46.67304753533508 2.1636928553823656
46.673047535335094 2.16501003059533
46.67304753533506 2.169374329261749
46.67304753533508 2.1827717699174674
46.67304753533506 2.187205585879814
46.67304753533508 2.1930240495641202
46.67304753533507 2.205448109071923
46.67304753533508 2.205558581895159
46.67304753533505 2.2056826719011404
46.67304753533508 2.21000561644617
45.823869212664455 2.2104463634839076
45.82386921266446 2.2106786335323783
45.82386921266445 2.2250828417097983
45.82386921266445 2.2259830472279485
45.823869212664455 2.2306894098961862
45.82386921266445 2.234105352795047
45.823869212664455 2.2350514760344216
45.82386921266445 2.2429371708736348
45.82386921266445 2.244165527766357
45.823869212664455 2.2463443713452143
45.61194829197301 2.246544318023435
45.61194829197301 2.251638888211976
45.611948291973 2.266690671840735
45.611948291973036 2.266810655042511
45.611948291973036 2.26945615151636
45.61194829197301 2.2870740093451625
45.61194829197303 2.288397322528955
45.611948291973036 2.29486797905198
45.611948291973036 2.296740830883688
45.61194829197303 2.3004383857766433
45.61194829197304 2.3124268383970907
45.61194829197304 2.313767135896809
45.61194829197303 2.3213249086375556
45.61194829197303 2.324954656762076
45.611948291973036 2.3328342543704697
45.611948291973036 2.33413924349883
45.61194829197304 2.3369660910926378
45.61194829197303 2.3372394147009916
45.611948291973036 2.362773342645361
44.92400349440595 2.365453484854468
44.924003494405945 2.365672879322207
44.924003494405945 2.3680986897506546
44.92400349440595 2.3763937627734126
44.924003494405945 2.3781689744890073
44.92400349440594 2.3782497368858597
44.924003494405945 2.3826783627900756
44.924003494405945 2.3871923100745787
44.92400349440595 2.388650621421364
44.92400349440596 2.39036921380854
44.53722054462796 2.393560267995128
44.53722054462797 2.3948226089683615
44.537220544627964 2.401108085662134
44.53722054462797 2.4043500032522607
44.53722054462796 2.409175166096448
45.40665926802316 2.4111848654004935
45.40665926802316 2.4153845291204648
45.40665926802316 2.416466228876738
45.40665926802316 2.425314971039527
45.40665926802316 2.4281852483458417
45.40665926802316 2.431241253788786
45.40665926802316 2.433815998929739
45.40665926802314 2.436024475904582
45.406659268023176 2.4429328288683303
45.40665926802317 2.443807464213815
45.40665926802316 2.445952664382296
45.40665926802315 2.4537102934798916
45.40665926802316 2.464298525424761
45.40665926802317 2.4673844763664468
45.40665926802316 2.467971531726823
45.40665926802314 2.4772217100015506
45.40665926802317 2.478135488221208
45.40665926802316 2.4873811461755
44.06074762153791 2.488746022489019
44.06074762153792 2.489544744363897
44.06074762153792 2.5035559712809965
44.060747621537914 2.5088438185876103
44.060747621537914 2.5088438185876103
44.06074762153792 2.518130327256075
44.060747621537935 2.537354609450305
44.06074762153792 2.538543306078311
44.06074762153792 2.5420584360142775
44.060747621537914 2.5429682947350636
44.06074762153792 2.5448777825804303
44.13137041460734 2.555438476772551
44.131370414607346 2.5687612997553995
44.131370414607346 2.5700454861937123
44.13137041460734 2.5800224616628613
44.13137041460734 2.581875187389079
44.131370414607346 2.5904497037865952
44.13137041460734 2.6041493350080356
44.13137041460734 2.604484399495413
44.13137041460734 2.6158241196006027
44.13137041460736 2.616294873949728
43.08396887129158 2.619906324654611
43.08396887129158 2.620158213818049
43.083968871291596 2.637966357465697
43.08396887129159 2.651946175942776
43.083968871291574 2.6539496509971174
44.06860018756382 2.6630207795989023
44.06860018756382 2.6648453572692103
44.06860018756381 2.6739924960022363
44.06860018756382 2.681555137208987
44.06860018756382 2.689992654443174
44.06860018756382 2.722450050623122
44.107842047688145 2.722691276043603
44.107842047688145 2.7252181184231055
44.107842047688145 2.7411518764864478
44.10784204768814 2.747430069319519
44.10784204768814 2.7489551558296665
44.186221215767254 2.752433834802869
44.18622121576725 2.7621444771406427
44.3529181935036 2.794300209795862
44.35291819350358 2.808214716236767
44.352918193503584 2.8161656451690407
42.9713834125403 2.828499891522898
42.97138341254029 2.8383585012611596
42.97138341254029 2.839839433166302
42.971383412540284 2.8461518164460733
42.971383412540305 2.8476127357865724
42.9713834125403 2.860863849565045
42.97138341254029 2.880374118975258
44.0136028045184 2.8917517921501408
44.013602804518406 2.8951709900214913
44.01360280451842 2.9029833310815927
44.0136028045184 2.930080384488749
44.01360280451839 2.9441970937399127
44.01360280451839 2.9441970937399127
43.3801096129851 2.9574941823274608
42.11740059080037 2.9661113932694123
