85.37879138902753 -0.6951913799264564
85.20804380833768 -0.6881449651458824
84.81871128220857 -0.6720250336377867
84.74236970248715 -0.668855509910788
84.01891628763447 -0.6386768870868884
83.02323974137859 -0.5967148710093628
82.37087598909825 -0.5689477385648544
81.93929402402254 -0.5504568043336553
81.50853809649618 -0.5319038910295699
81.26646178644916 -0.5214344397717439
80.66903774488668 -0.49546266592042043
80.3451609669053 -0.481302275329902
80.33879621923552 -0.48102342723329655
80.21263077738284 -0.47549138681541797
79.97964755380173 -0.46525274405888073
79.51875884589468 -0.4449104494227436
79.2066789718065 -0.4310690882845422
78.95925432106027 -0.42005650048624565
78.82902001757962 -0.4142460503862144
78.82229755505186 -0.41394586482597
78.15194251308745 -0.3838824615170976
78.06127814766673 -0.3797966540235802
77.6850345436817 -0.36279030025166736
76.40937975952977 -0.30451088320211256
75.3918812572934 -0.25732371497108875
74.74090135706959 -0.22679884805388578
74.08636385115517 -0.19583792871084385
73.73969929824203 -0.17236166707552228
73.37277433654005 -0.1407632682419083
73.21698330031506 -0.1248532506091665
73.07980185691781 -0.10887944526899955
72.81892031408694 -0.06871754251855682
72.71906410108029 -0.04450500603413473
72.44721455109776 -0.03490658503988669
72.16435560655087 -0.005817764173314218
71.88260104100608 0.023271056693257765
71.60194654258639 0.05235987755982999
71.32238781624982 0.08144869842640187
71.04392058372372 0.1105375192929744
70.76654058343938 0.13962634015954656
70.06299686290735 0.1644585463992785
69.21832467337126 0.19239560151592244
69.45287914943 0.20902294280626463
69.81774126402198 0.2094395102393196
69.1235671565256 0.24143721319254893
68.43629498659979 0.27343491614577836
67.7558561306215 0.30543261909900743
67.08218264726916 0.33743032205223705
66.41520727073875 0.36942802500546656
65.75486340402723 0.40142572795869597
64.58946746922813 0.47790326237158354
64.3909447952606 0.5106477352742649
63.56888751746103 0.5610514928708005
63.21956028610264 0.5867122816830216
62.29881113241336 0.6312259935397702
61.42061013602005 0.690446457054692
59.897548054789176 0.7784538305824328
59.10081703660673 0.8205948897839467
58.74259137561512 0.8420749870294831
58.41179432497324 0.8638085021360901
57.83432967175565 0.907969038516962
57.58850567742811 0.9303595597889499
56.53335972013051 0.992894389832651
55.195468947981084 1.0523111509848488
54.622010342359516 1.071019867281315
54.323457753384375 1.1047274150198447
53.8050434342538 1.1242619614112248
53.30755576585841 1.1441688336680205
53.14503235174309 1.178985189759799
51.94653892777068 1.2060615125304832
52.092876864972666 1.2311905272587018
51.71287512106823 1.2526428791857982
51.35701755938672 1.2744026552563517
50.869600578103416 1.3075868646040716
50.18477967199462 1.364205623806729
49.58129181727617 1.433932786727123
49.43451857050474 1.4575109907782422
48.72953389935556 1.4801364395941514
48.60155066089557 1.5163048705541655
47.94929559541919 1.5523934965605843
47.39767707797022 1.6142472221864275
46.44638237781452 1.6786563524669804
46.149376003253025 1.7477343829525998
45.788948064376555 1.7832283473036388
45.542640795766395 1.8076450877418169
45.35035910054095 1.8267981654704826
45.08092699941035 1.8537732201677142
44.61390428284624 1.9009148867038312
44.32481229658204 1.9303439976861034
44.241645378822106 1.9388458171318625
44.0358227689382 1.9599551455818207
43.799269716839895 1.9843384163437634
43.57648224378206 2.007423486608438
43.28842893620646 2.0374469297717006
43.121198848507355 2.0549689123299584
42.49637244726163 2.121043520483401
42.198756229416595 2.1528584061640688
41.917009077727705 2.183184339515183
41.75054444276317 2.201197748268404
41.567392834845144 2.2211000517429897
40.9991930890788 2.28340664158842
40.34523947802086 2.356194490192345
40.25440277485077 2.366398217686299
40.06189914108932 2.388098554677367
39.97959527835972 2.397408252850665
39.50661910182132 2.453710293479891
39.35663138122981 2.4702802693605035
38.818634316048886 2.5302397300350834
38.59197590660162 2.555749873897632
38.37236187438099 2.5806104992294907
37.6140078495415 2.667564794590247
36.60900064784349 2.7855418315535108
36.50455725708329 2.7979876557097887
35.635226781497195 2.902983331081592
35.57747530126191 2.910048882664143
35.19821865708209 2.956735621571353
34.943840508501964 2.988332451721339
34.912269449094524 2.992269992896096
34.482478161350926 3.0462306066873843
34.20993578553546 3.0807980977150047
