86.52969788152659 -0.6890787806792825
86.27804473407846 -0.6774451000453725
86.23156152497738 -0.6752925141477609
85.62261944540961 -0.6469854152504256
85.50453147818709 -0.641472714009232
85.47231766450588 -0.6399675545954229
85.06827292724779 -0.6210406250582694
84.80563226932311 -0.6086893073274118
84.62871277316515 -0.6003476553917921
84.26617446756329 -0.5831995665145867
84.22780102416138 -0.5813801838048998
83.90841644528089 -0.5662051085568207
83.54177145989057 -0.5487131489694511
83.444145954557 -0.5440426728220444
82.64790055913362 -0.5057444090791231
82.343713808604 -0.49101597502190647
82.08062017731766 -0.47823328447108343
82.07121154590997 -0.4777753973976935
81.48141730154745 -0.4489667714645302
81.14950121383491 -0.4326624228785044
80.86437155747204 -0.41860297401399227
80.44784059467183 -0.39797490054866247
80.21490521749354 -0.3863925092641666
80.19010769746092 -0.38515750636347407
79.92284419731855 -0.3718225606611545
79.8298823817065 -0.36717383381821916
79.40469416564885 -0.34584227782156346
79.28643908651898 -0.3398891544508909
79.06983546981824 -0.3289619678469684
78.971929468049 -0.3240129939753492
78.78415829034697 -0.31450430441674504
78.47435131020217 -0.29876609695519013
78.16578430043934 -0.28302899841653867
77.91758121072594 -0.2703253463786666
77.83816439327674 -0.2662520491509254
76.82772709309539 -0.21406068356382146
76.39133296689043 -0.19130735501239668
75.29067087699025 -0.15294632868353275
75.12043386972074 -0.1374674047286729
74.31463086002374 -0.11502782271500556
74.71861864567853 -0.09065988720074511
73.99265838452953 -0.06762580484100811
73.89438830410175 -0.04379667684386316
73.25005757169106 -0.020077623013523976
73.23588471295054 0.004016042665841987
72.71906410108029 0.04450500603413473
72.49507798588763 0.1097611640660457
71.42276298677027 0.178011881248316
71.18011658138663 0.20387845119942585
70.85366761525385 0.22182066889156887
70.17649524184766 0.2846323319793205
69.57234665213701 0.31372933605498354
68.67631313749429 0.3542594226786661
68.43909726612469 0.39247707424341527
66.45366780997061 0.4339533693938966
66.95683679117157 0.4498960201075962
66.69794537281503 0.48139722405730373
66.50571690180354 0.5131121776023975
65.77854216229287 0.5296837164288573
65.01663348526887 0.5792198933655365
65.18140775524121 0.5992662072903373
64.76601483957997 0.6371433379635877
63.90547734429402 0.6941490010733964
63.334395668866094 0.7262566870178522
62.8297529413516 0.7589142907997177
62.39316127905737 0.7787315954935801
61.981412550296916 0.7988201761375394
61.59500496532329 0.8191691030023622
61.23441825671862 0.8397662998706458
59.153486356231674 0.9621070194674849
58.97773904128697 0.9841768482297933
57.534403729045 1.0636978224025597
57.22081311277565 1.09565497107906
56.96626817110772 1.127930944722087
55.99833166076403 1.1659045405098132
56.09094197485275 1.1893162401557904
55.6636587602216 1.208933520430026
54.69164900227671 1.2592494998922086
53.29457213155127 1.3084164751348673
52.430543938779266 1.3271782070462281
52.29176862321588 1.3380953550327521
52.2719135021521 1.3954722373966006
51.993145675481436 1.4288992721907328
51.18830153983302 1.4614081404727566
51.025809332073116 1.495792780277819
50.95116054856528 1.5188200612259855
49.706752515877966 1.5767134175009239
49.74850243785926 1.6121927823444306
48.72953389935556 1.6614562139956417
48.920880972808625 1.6973884540748687
48.50177466164223 1.7229846132680102
48.54242873819656 1.7490095874897178
47.70077575396692 1.8293898823532888
47.25489344664292 1.872549547218388
47.0091074903751 1.896515114330572
44.0321142847815 2.197171310436084
43.83120257195878 2.218188466534826
43.40581802716433 2.2630072284234664
43.087269115107404 2.2968582844889736
42.44207653390442 2.3661941568790104
42.16241129286393 2.396576565756845
42.09221318852329 2.4042344230401076
41.316556118314374 2.4529785352998195
40.98704443244421 2.490792404352812
40.604187988938584 2.53511166067044
39.75861306380423 2.6344941491974563
39.13914810763897 2.708652113019049
38.85797085728141 2.742700795306265
38.62499116606924 2.771100247883219
38.10952958485386 2.8345469215710026
37.86964261428803 2.864367108027676
37.803059583090615 2.872677494889073
37.628224089666894 2.894569003538575
37.396569729623494 2.9237321149770956
37.355977645888984 2.928860872898183
37.23486021547546 2.9441970937399127
37.18781792533319 2.9501671720644502
36.97042717449065 2.9778544124754345
36.95193164625423 2.980217543169102
36.71523386730902 3.010564736162899
36.64008425030169 3.0202406530190293
36.47816273108096 3.0411565415409427
36.306049394468594 3.0634909758698075
36.241166283503844 3.071938079861225
36.040629856838606 3.0981417581982624
35.769209448727416 3.133840870877586
46.770894180193345 1.9198621771937625
46.32892962387675 1.9634954084936207
45.89114143990594 2.0071286397934784
45.4574901633832 2.0507618710933375
45.02793670233706 2.0943951023931957
44.60244233419804 2.138028333693054
44.180968702308014 2.181661564992912
