89.891322311943 -1.7450894507644326
91.43700915711656 -1.7290704430208448
90.43627437695227 -1.6979750330784518
91.60336495232168 -1.6963460639034222
90.81427109166287 -1.677877025307282
90.59300980542338 -1.6520502597647873
91.50888171388584 -1.5997271592086744
92.05929336470973 -1.5739912041034718
92.09687242265399 -1.5420502537812173
91.55046635202552 -1.5290200042171003
92.26578877648375 -1.5038040748341492
92.35200449131581 -1.4910933252089609
92.5690614723327 -1.4657530817299245
92.18699966141861 -1.446045606111293
92.01793867535984 -1.4135297772620425
93.36926726286414 -1.4030583232147364
91.94646403823776 -1.3809288555966273
91.97280326157505 -1.3483119294392256
91.66755792793101 -1.334377765864457
91.52778616430318 -1.3141268479097257
91.42565569374464 -1.2938223408974259
90.97415884664541 -1.265404231272415
90.9627476128948 -1.2449558156535576
90.79140699854302 -1.230605239986031
90.8447475977008 -1.2101310017243483
90.17188507584551 -1.1933184080193322
90.29459666475736 -1.1727478896251293
90.40566017127169 -1.13770688807159
88.77579551044369 -1.0315131896715393
88.38516683393756 -1.013255212114548
89.82585997978124 -1.000049049528978
89.16083209144448 -0.9873682567539073
89.32755322242899 -0.9727483990468385
88.29507778605598 -0.9319587418214209
88.42822045597424 -0.9080028680162724
88.6978074027892 -0.8934660584058105
88.40082512257983 -0.8560351623093504
87.86293981976489 -0.832756092167992
87.34947507482659 -0.7901600321666095
86.93651981479735 -0.7758290774898378
85.41361459080834 -0.6852319985095232
85.02095015172533 -0.6697548339598131
84.51912028048164 -0.6498704494119476
84.3762412621632 -0.6441874504837294
83.9585670349103 -0.6275191479016325
83.14161274116344 -0.5946755264276999
82.47886971142414 -0.5677936130768367
81.9552187594909 -0.5464002902029337
81.47771315217949 -0.5267727048242319
80.86447484120025 -0.5013964991900254
80.47047629165236 -0.4849908371814796
79.24961884949157 -0.4336408205683183
79.23826263048618 -0.43315946673439665
78.86107178262502 -0.4171322295401621
78.17689224069939 -0.3878641038682795
77.7443035323122 -0.3692261654672245
76.20270533989223 -0.3372531883216587
76.12434175264326 -0.3314354816011573
76.0650212807346 -0.3270275502686966
75.96113235789936 -0.3192995789123965
75.95755348890519 -0.31903316978086566
75.89673971417298 -0.3145043044167449
75.4656655845779 -0.28229735329960276
74.98297532183763 -0.24601493218598203
74.38127386257499 -0.20045833740923544
73.99482221758453 -0.17100417327622056
73.38045309500895 -0.1238606792138149
72.77188906247893 -0.07677189126977804
72.45584088051923 -0.052161476475715764
72.15113590977263 -0.028332497417542343
73.15749865484258 0.05301151059929276
73.09942120300758 0.05720623717916044
72.12716297931152 0.12792823099797673
71.90502995844342 0.144219930797926
71.53730833608735 0.1713003428081687
70.83161936945555 0.22366209548092775
70.45050395648403 0.25215802695452383
70.13763420264158 0.2756667003711583
69.9552825504034 0.28941681362754984
69.4570331444644 0.32717055552316454
67.85509006631982 0.45041586707721765
67.76209327353297 0.45765965661689295
67.37700268330562 0.48776167230464196
67.33993777153272 0.4906680581880711
66.67279433870935 0.5432563720929516
65.28427885575312 0.6544158726530069
64.78112032121625 0.6952814591959703
62.860371910782064 0.8542546526984925
62.33729223269794 0.8983900106799191
61.98525757888419 0.9283022670065979
59.75684498348171 0.9729487530028177
59.39285592720827 0.995486976616532
58.60757991697903 1.0445854617497372
54.23420950810345 1.1872688108379048
53.398352812095084 1.228142893952645
52.45693570736122 1.2454996879712157
52.57553472111409 1.3163199845387512
51.33680091345468 1.368906415183555
51.012244951071274 1.402804055149021
50.828771516148514 1.4256259614592224
49.74850243785926 1.5293998712453625
48.53030302211892 1.576856858653207
48.55168829182111 1.6010900867136717
48.09340680952757 1.6503824695468363
48.20120746811311 1.674715105486188
47.75405560776613 1.7004988639508087
47.33923806112233 1.7267522090347305
46.736025241384425 1.7928782287003768
46.019779108597994 1.8359273001822984
45.04707264989879 1.855373930227862
44.27227803124801 1.8883452252446669
46.13242560327305 1.8885146449804453
45.062432661478034 1.9379701606131159
44.397153810080965 2.090764133543425
40.071303230124094 2.189339329792556
39.003593127000606 2.22787126250655
41.47997390662292 2.2355708216122423
40.355256321856864 2.3355788545667413
39.98485872596826 2.408230805001561
38.323427836080455 2.410488902100651
39.65465104475096 2.4402068019998393
37.62177459763737 2.455863142683507
39.11875274863702 2.5056102001088125
36.46347179145871 2.551352917309015
38.58437929084146 2.551475888287244
38.44062513669171 2.58542642346934
36.32085010361315 2.587285157388242
35.937758574366896 2.6376737887203876
38.28729495560245 2.653894699903646
37.49279054112342 2.6954871046463897
37.76864557056943 2.8001402152803423
37.39113378614172 2.8297920195859563
38.51256928691703 2.8391633660489064
38.31439781054604 2.9170952974447166
