87.35597652218674 0.0035335541978614485
87.35597652218672 0.0036363476084415366
86.99708972610772 0.017419840551777924
86.99708972610772 0.03224688243525379
86.68414466579874 0.0533301664401871
86.63818960137255 0.061294962413367036
86.39861595909137 0.06948502473053192
86.2550806518027 0.10003670547417481
85.76354738520499 0.12750955821523807
85.41360305007429 0.13668876836509197
85.13316758781876 0.14189705460416405
84.93414281896676 0.15464875446553653
84.93414281896675 0.15510766815754054
83.95137895166746 0.21825691458287885
82.7996902553327 0.25887952857380814
82.79969025533269 0.2603620649074593
82.5585424721192 0.2735950413367268
82.5585424721192 0.2889754099925663
82.42932241789222 0.3169999963092883
82.04015619152516 0.3217505543966422
81.85664814095524 0.3510819931971211
81.33835997241366 0.38402006609570916
81.33835997241368 0.39983110074287986
81.13058109752319 0.4048917862850833
81.11616645890604 0.44522423307287445
81.11616645890604 0.45848414370204776
81.11616645890604 0.46874094356430046
81.11616645890604 0.4690142837749503
81.11481611916936 0.4928991598128243
80.74337346871765 0.5100857994643438
80.74337346871766 0.5272450319729265
80.29296184818021 0.5614413702168928
80.2929618481802 0.5781883057974876
80.13646063068352 0.5958411888011347
79.96716482505856 0.6238957779360798
80.15964558088012 0.693268409543351
80.28188981100953 0.7742254439587093
79.59102936670146 0.8295683106428935
75.93751577889986 1.0613092919129734
75.09041270330738 1.1311736692010381
74.3408080944958 1.160505024949743
74.3408080944958 1.1862867685048917
74.34080809449577 1.192654011472295
74.3408080944958 1.2077256352489385
73.92594389915412 1.2380269346233002
71.68940507645154 1.3247813946089146
71.67955091632558 1.3268826259917295
71.67955091632558 1.3516650601032232
71.67955091632561 1.354502673365914
71.64497611975442 1.3786272001930049
71.51661484787877 1.3976594387604644
71.2050465018988 1.4524097909480047
71.94931766685477 1.4777325980704787
72.24116002711314 1.5321889106667457
71.22862421319373 1.549702409541342
70.95383764042842 1.5924379691087003
70.51490431532953 1.6290263872036488
70.56988650563929 1.6306326461187688
70.56988650563927 1.6367796953157467
70.03972923276176 1.6573376211384565
69.82326133673891 1.6956840863418643
69.82326133673892 1.7012725581871457
69.82326133673888 1.7036497003139162
69.82520001383419 1.7164247073657193
69.91965694179656 1.732171437215588
69.91965694179655 1.7439332148293285
69.29921303859334 1.8190252493321688
69.08280172569634 1.8434534124558728
68.75464113187584 1.8558402121780988
68.76878940606427 1.8786588852605717
68.76878940606426 1.892546881191539
68.34259477993179 1.903877840996075
68.16324543724632 1.912892910448982
67.90202085288043 1.931218068762751
67.63820412477614 1.9470904289048487
66.24761410457538 1.9845937300549454
65.46178711272296 2.015418747422725
64.73955351507026 2.0454325044784363
64.73955351507024 2.0545754439261055
64.52897688101119 2.066012392283481
64.5317435980452 2.0845109917367113
64.6523897651475 2.0870269974066447
64.28959581833351 2.1195768362438523
64.64736140460742 2.14362768062929
63.470501111779555 2.1733289513159155
62.96972661677267 2.179485634122308
62.75116129485429 2.235357511035273
62.75116129485429 2.2382262701173006
61.67324707162229 2.2928988720037213
61.81775868429382 2.341806993803419
61.81775868429382 2.356194490192345
61.60107634940019 2.377024810228562
61.387647863811274 2.3849635290099385
61.397903238137616 2.451493177784188
61.397903238137616 2.456575393275316
60.85218940166884 2.48683306451638
60.85218940166885 2.505084437801842
60.85218940166885 2.5313054781149424
60.85218940166885 2.535410234969247
60.769316957469954 2.549248543310973
60.68318458219242 2.6568708815924724
59.9678636486577 2.7367008673047093
59.96786364865769 2.7380063495917923
60.01445458056379 2.7639792288697342
59.75005101713598 2.7846002861275427
59.77742808341415 2.7896499343161882
59.73655370849464 2.823314307461392
59.125640628062406 2.864031001830769
58.8035047877477 2.8725983809651874
58.78625174484827 2.895356129491111
58.78625174484826 2.9004749751383248
59.09707020047581 2.93809960833223
59.09707020047583 2.948498142486804
