89.22390423842737 -0.45577375597670555
89.22390423842735 -0.41221096025153936
88.62266369531048 -0.14694751671323644
88.58064526188224 -0.10283877219915878
88.58064526188227 -0.0938005803917415
89.12567549632647 -0.046230381748342125
89.12567549632644 -0.038577342749115166
89.34465559875409 -0.0035587038382162333
89.34465559875406 -0.003484306457141265
89.24587151998244 0.03091797956304259
88.51260021546867 0.07253687159151864
88.58213212497091 0.08629037693202073
88.20902875851775 0.09716597627184811
88.20902875851773 0.10140536488193964
87.55269908544182 0.12029547692795411
87.55269908544184 0.13184714171112943
87.55269908544182 0.14397821705214303
87.41239328443919 0.15400544364748073
87.41239328443919 0.15769041065948047
87.150874722729 0.1714451025060576
86.83279232528562 0.1755331544562969
86.0615695264431 0.1929708099655698
85.34478946611087 0.2317168411904508
83.41280121970969 0.26625204915092526
83.72410125883445 0.29180559111527454
83.72410125883447 0.30310469690517405
83.88051331388394 0.3095560369483903
83.7124941903818 0.33120653732447153
83.71249419038178 0.33143548160115716
84.04780876313777 0.3333779373530262
84.21422397120251 0.34844324220593564
84.0164834762491 0.35407185820557746
83.91675300257222 0.375688795663383
83.41694488246318 0.39338702065056863
83.7623716875876 0.41934164755003006
83.76237168758762 0.42005650048624554
83.60830183833548 0.4301673013507667
83.60830183833548 0.43161809423955505
83.76191859083588 0.43885929896350645
83.76191859083585 0.4404788499621124
83.61869236848051 0.4517636184031467
83.54738374903536 0.4689199678798575
83.56826615063058 0.47549138681541825
82.66821684011413 0.5049464273704124
82.17224421347082 0.5093011440020118
82.00706835662052 0.5391341539347296
81.66687483203347 0.5621552071123769
81.0023075736861 0.575875303952276
81.0023075736861 0.5891274624657121
80.34871031351764 0.6092329825184983
80.69366685457052 0.6381206841566399
80.69366685457052 0.6410601046911714
80.45166143020147 0.6539761486927135
80.45166143020145 0.6568966825941118
80.45166143020148 0.6596909046309976
81.07208630564479 0.6790592374047424
80.70380668229647 0.7049271521319874
80.70380668229647 0.708203796445159
80.70380668229647 0.7122305817098982
80.70380668229647 0.7206240414715304
81.46947655734253 0.7640110505457186
81.73136185397402 0.7799634342966122
81.36010902078901 0.8131687999908694
81.36010902078903 0.8178192315128776
81.50768230143412 0.8290861941888502
80.92641449652099 0.8990368903461581
80.60367595626325 0.9071336485461153
80.62793341384162 0.9124872591287047
80.59546869108718 0.9342881110069453
80.59546869108718 0.9422901477110407
80.77172794760125 0.9541087135494475
80.77172794760128 0.9652516631899267
80.77172794760125 0.970393006063186
79.93583707770232 0.9928943898326508
79.64593901441062 0.9945831019904054
78.44655461781655 1.0342729107067965
77.46717789980836 1.0590574844795388
77.46717789980833 1.067445930787955
77.46717789980835 1.0711111956522192
77.46717789980833 1.0736515518548315
76.97759678540969 1.0830346544902552
76.9775967854097 1.0850809934044578
76.97759678540969 1.0861193135478817
76.97759678540967 1.0978031954866005
77.06814746214319 1.105372520727706
76.866492512897 1.120135000714263
76.5122532629067 1.1320955566823132
76.36042579639991 1.1455210978877102
76.05231918538027 1.1659045405098132
76.12694014702508 1.1910301419973885
75.88679240521779 1.1925506843389577
75.67179443070766 1.1926540114722952
76.5022392597871 1.230331379935367
76.5022661817664 1.2365464233788928
76.66884446778346 1.2540332622152188
76.40387722714088 1.2651301760845597
76.44115657917949 1.2720009232340057
76.16663713813038 1.2789281789877014
76.26590352730544 1.2856148283117956
76.26590352730541 1.286528209089916
76.44980264290498 1.3147405739507192
76.44481850432592 1.3268107120009864
76.40143787769836 1.33105321792444
76.03989606153743 1.3399277337681226
75.89372908255098 1.3459634001926175
75.89372908255096 1.3471342313139683
75.89372908255093 1.3516987482853964
75.99675737045833 1.3543251795800608
75.92178425568795 1.360001233945055
75.33963013445279 1.3749583980840525
75.26524309588527 1.3851847332513951
75.26524309588528 1.3947715587286962
75.22178748278927 1.3956546442530753
75.16147980190861 1.4172038990250437
75.31585547774364 1.4196935483574535
75.31585547774363 1.4204248987877621
74.99301477426114 1.4251679462240743
74.43017023195691 1.4480128343593872
74.25200683169486 1.4620566488124531
73.95602764143099 1.4648119688052965
73.5476677135789 1.482419540650048
72.62980191031838 1.5120405040791738
72.77208151867217 1.515060122480683
72.62384410144777 1.524803679433327
72.32224439351286 1.5489657342906127
72.21360039492913 1.5580310627682412
71.92642135914924 1.591713777614199
71.92642135914922 1.5932140953062317
72.10094307155461 1.6104231490488234
72.04837965223592 1.6209824610690398
72.04837965223592 1.6255937337680122
71.94545961645137 1.6468823471159821
71.94545961645136 1.6776835375547074
72.01784117776567 1.7008596142959096
72.01784117776569 1.7065206202942795
70.76031144007332 1.8190252493321684
70.36449156403323 1.870266446162492
70.36449156403323 1.8755513506171584
70.36449156403323 1.8897535923670197
70.15109482710342 1.9007434189414514
70.13121586776253 1.9290475165927172
70.13121586776253 1.9301014705581354
70.11990766217548 1.9488254174803008
69.50404156000002 1.979285219867524
69.14960532194046 2.000388970609073
69.05946040662356 2.0284559834117895
68.8164934527249 2.036472330579755
68.8164934527249 2.0407069019233703
67.69416004640114 2.1446428618596127
67.69416004640112 2.160072815003703
64.35532683226666 2.28918089214754
64.35532683226666 2.291069326857959
63.90823363710581 2.3282297542224795
63.908233637105795 2.3367164343758176
63.748463838079346 2.3494378362565596
63.74846383807932 2.356194490192345
63.803028146295595 2.383773702592086
64.11865950175518 2.3924105322647566
63.60915798671316 2.426997922762254
64.13110854213765 2.476417276853654
63.91423117239743 2.5158965983716324
61.97202668652007 2.5876832465391875
61.97202668652005 2.5902842914979716
61.25708860569479 2.629484171074415
61.25708860569478 2.6402688684516304
61.463087115820976 2.6613194981893096
61.50528719608977 2.680133224903988
61.48472789406733 2.693889023705579
61.48472789406735 2.703700472313161
61.36986329932134 2.728898684923168
60.781102160993505 2.771492712541248
61.13914713780615 2.8164174550472563
61.08594508559235 2.826272878710752
60.43478518678257 2.863977457174577
60.43478518678257 2.868191485845054
60.40132241549677 2.881303055075917
60.40132241549675 2.890195593363944
60.53078846486591 2.907849472720892
60.43706300952215 2.9316191407276295
60.43706300952215 2.940172970592474
60.43706300952215 2.9505799857794415
60.039515018393594 2.9584818363273095
59.486226942426796 2.987738022443526
