72.19375122725634 -0.8661470553523111
72.19375122725634 -0.8513401531787186
72.19375122725634 -0.8159230303146511
72.19375122725634 -0.8094898868223698
72.19375122725634 -0.8082513269382565
72.19375122725634 -0.8074940142812933
72.19375122725636 -0.8060137990230525
72.19375122725633 -0.7967613106617389
72.19375122725634 -0.7853981633974483
72.37565401512892 -0.7796511002342448
72.37565401512892 -0.7725783529245478
72.3756540151289 -0.7548732964802455
72.37565401512892 -0.7450160878329483
71.24814087297065 -0.7269851586319571
71.24814087297067 -0.722324045500536
71.24814087297067 -0.7140906986121579
71.24814087297067 -0.7092100432230606
71.24814087297067 -0.6958943450458376
71.24814087297067 -0.6857295109062864
70.23563897836313 -0.6845509610689183
70.23563897836313 -0.6782828400452166
70.23563897836311 -0.6562508732694284
70.23563897836311 -0.655366787055757
70.06299686290735 -0.6544158726530068
70.06299686290734 -0.645023177633115
70.06299686290735 -0.631290046832022
69.47778515293781 -0.6291075220107366
69.27329158727511 -0.6103781383162791
69.27329158727512 -0.6076079344047723
69.27329158727511 -0.5990606046203998
69.27329158727512 -0.5987088325831991
69.2732915872751 -0.5954098754787325
69.09323724161398 -0.5915445013692314
69.09323724161398 -0.5902397362807781
69.09323724161396 -0.5709264646492089
68.62086803161095 -0.5654142938895043
68.62086803161095 -0.5629508979715068
68.62086803161095 -0.5385676505356138
68.62086803161095 -0.5313904002708546
68.62086803161094 -0.5262961456180382
68.62086803161095 -0.516230670611748
68.62086803161095 -0.5144513130590278
67.81947337496902 -0.5121532212411897
67.81947337496904 -0.4916301249610684
67.81947337496902 -0.47249693551706373
67.81947337496902 -0.4709824407857689
67.21473104315864 -0.45777683496179833
67.21473104315864 -0.4529718580133511
67.21473104315862 -0.44300157546658786
66.98783652436114 -0.43026119806410573
66.98783652436113 -0.42944042522946296
66.98783652436116 -0.42317128569067725
66.98783652436114 -0.41890137754619045
66.98783652436113 -0.4120962725847894
66.98783652436116 -0.39749820566951616
66.98783652436116 -0.38352751595699175
66.14051310693351 -0.37802909068540413
64.8300946819499 -0.3762941021099522
64.83009468194987 -0.3671738338182192
65.25426298566775 -0.3661657696435531
65.2261426835777 -0.3642780890164265
65.1831405696224 -0.3613898366229071
64.77872946694079 -0.3341338223145286
64.59582260003991 -0.3217505543966423
64.59582260003991 -0.3217505543966423
64.50399123119757 -0.31552010542176107
64.43305550639845 -0.3107012803172733
64.31146911839537 -0.30242928754088727
64.23273292333975 -0.2970642123410426
64.21720215639532 -0.29600517116959063
64.0790668355662 -0.2865744542219307
63.880885049497444 -0.27300870308671066
63.50105213899916 -0.24689070668587526
63.310703667652895 -0.23374318086890136
63.13437654517377 -0.22152880461674804
63.129645152924326 -0.22120058603495057
63.055947503042646 -0.2160849722967861
62.73464761374612 -0.19371233525338682
62.5665922985826 -0.18196468595918597
62.3739048657789 -0.16845627284991274
62.12358920357387 -0.15084536162093967
62.07263441783429 -0.14725175576814525
61.99678607268252 -0.14189705460416416
61.690269603752384 -0.12019083063281477
61.45739584278363 -0.10362745999687152
61.44973638998739 -0.10308160852270032
61.1538320801247 -0.08194171227182692
61.13934490032888 -0.0809040991552305
60.864165839046734 -0.06114816264930128
60.75945419081082 -0.05360712679315378
60.57965370305149 -0.04062803768137354
60.48804710510336 -0.03400049747242096
60.358702230074215 -0.024625562866468706
61.48624195631702 0.004926068528422774
61.1042136995634 0.020405330686537996
60.99647359363559 0.024788310037299303
60.929519130189995 0.02751598928545441
60.42325439577589 0.04823841117793829
60.04216353085499 0.06395208079687738
59.48851195502398 0.08695962656792539
59.11877787675195 0.10244385350712396
58.845940823661195 0.1139323186342984
58.41720240196869 0.13209344712486804
58.35228521455812 0.1348549174958515
58.18706364237923 0.1418970546041636
57.82707587471223 0.15731009216105984
57.625752704808555 0.16597172249627207
57.27268296100509 0.1812353505941772
57.245476808555345 0.18241540708251075
56.901231290425365 0.197395559849881
56.297118103823024 0.22390450013034968
56.18019236824848 0.2290681331146604
56.02018750141933 0.23615165405391625
55.67736346456318 0.25139706022584923
55.48138268197581 0.2601545637432438
55.345336922990754 0.2662520491509252
55.22201648389744 0.27179215867469936
55.20983106670047 0.27234025398840955
55.186252157117565 0.27340116774473927
54.64001651540536 0.29810631283917643
54.47874253172496 0.3054476510779801
54.23247319543163 0.31670009228756957
54.12230176206992 0.321750554396642
54.12230176206992 0.321750554396642
53.97673444840367 0.32843941785031505
53.16301059745578 0.36616576964355313
52.4965306304497 0.39749820566951616
52.49166124683783 0.3977285850234494
52.004784740487075 0.4208721609905144
52.00070832017611 0.4210668460849102
51.940224605308416 0.4239572725038959
51.44447755743997 0.44777592600901595
51.37794390896627 0.4509900571667541
51.35387395797169 0.452153862285776
51.04142844545885 0.4673105962810413
50.86940270856666 0.47569521885499194
50.856911288620296 0.47630516083485763
50.45262834486095 0.4961271577883063
50.20721385417155 0.5082374560638588
50.132477562581705 0.5119371763072037
50.00509837170117 0.5182556425317534
49.68925917974415 0.5320339525913094
49.646365103553244 0.5356233739761996
49.58910852616115 0.5404195002705839
49.471990858377225 0.5502471936885045
49.28740067794216 0.5657840382208479
49.27619343962254 0.5667292175235065
49.26159473128126 0.5679607439945006
49.18645943543332 0.5743048301747021
49.005065136098246 0.589660976819982
49.00099006862405 0.5900066088808749
48.93004974220477 0.5960281134216036
48.916530217828154 0.5971766580926771
48.89107581595449 0.5993399862484448
48.88272194754197 0.6000502134017532
48.728222342907806 0.6132073488745095
48.588202485993264 0.6251674791193869
48.46485463500049 0.6357321197078389
48.238530390123316 0.655186720433052
48.18866303345367 0.6594855377116501
48.12738053044847 0.6647744948173461
48.055833461945866 0.6709578581273846
48.05173450197504 0.6713123842292882
48.0230423060127 0.6737948687120593
48.00048044145015 0.6757479912285383
47.64296708891188 0.7068201332126425
47.62982154165014 0.7079670764420052
47.58208159605899 0.7121350296582089
47.569495791432 0.7132345344377907
47.515749334109174 0.7179331388755438
47.29331977721376 0.7374349765203713
47.282635635122425 0.7383740315547023
47.14341876870883 0.7506295715413658
47.09618957180327 0.7547954754687294
47.01922549052999 0.7615931372123783
46.961388745459324 0.7667087509505426
46.93393256794053 0.7691394335923193
46.92141807634958 0.7702478075226783
46.75069173637501 0.7853981633974483
46.75069173637501 0.7853981633974483
46.75069173637501 0.7853981633974483
46.65858567962645 0.7935947011473609
46.63605817920748 0.7956018908914023
46.578854290555356 0.8007030907216398
46.48048529711265 0.80948988682237
46.45176856430098 0.8120585117720464
46.292217604774166 0.8263588469317639
46.29175021455377 0.826400810842776
46.223500741095435 0.832533037210949
46.117906662015415 0.842038546536824
46.06094626055365 0.8471751249577982
45.87285432306308 0.8641821243865925
45.832330038876634 0.8678554008645144
45.771167782751334 0.8734055369251891
45.67314782309218 0.8823157911918107
45.609321666228055 0.8881280308161178
45.591745649280625 0.8897299945229112
45.57566355152981 0.8911963363212422
45.29893065121474 0.916509811879995
45.25336946381339 0.9206922325273872
45.12524367859376 0.9324765187858511
45.060465702514975 0.9384471720272263
45.05739351597617 0.9387305517957713
44.92947664315147 0.9505468408120751
44.84457374665366 0.958408314074611
44.818857818897655 0.9607923839408705
44.77079708855831 0.9652516631899271
44.69115136222799 0.972652083130931
44.55438143502164 0.9853911200036294
44.468029225662214 0.993454300188474
44.4490726553972 0.9952264751571037
44.415824789931534 0.9983365129768457
44.398147148937404 0.9999910448886724
44.27573199878691 1.0114665513913326
44.21249071577923 1.0174073851421075
44.00746481317256 1.0367259475582886
43.949282056381094 1.0422246133672564
43.85468678331971 1.0511800668378324
43.657432844615066 1.0699166477054456
43.574272907963746 1.077841150849485
43.498436292280466 1.085080993404458
43.49012371771986 1.0858753317700296
43.48104152792029 1.0867433871075523
43.45109747225663 1.0896066577366879
43.36610343546618 1.097744606313947
43.144552558091775 1.1190327083917502
43.03294076175725 1.129798565440245
42.98771230344176 1.1341691669813554
42.8257525269709 1.1498577735590945
42.65044300032453 1.1669065441824873
42.62103835930882 1.16977299316624
42.505815321719616 1.1810243559719917
42.42759710255224 1.1886796451162844
42.25849555036924 1.2052781206030003
41.91337824145535 1.23936084519374
41.77357391201585 1.253247428345126
41.75934180304803 1.2546636908232098
41.7205723121585 1.2585241615281164
41.596658666766835 1.2708869589084504
41.37566395279743 1.2930271717187976
41.15505267720695 1.3152472328535154
40.960337838723504 1.3349581769238277
40.91139158583512 1.3399277337681224
40.858171575123436 1.3453379605118374
40.76249271366253 1.3550822055843914
40.58322864475608 1.3734007669450161
40.435787135111006 1.388528205962149
39.812622788628694 1.4000611153196139
39.571938193253054 1.4222914388506194
39.52148293163425 1.4269687726584472
39.239382413980536 1.4532307526572537
38.80517339259928 1.4940244355251182
38.772584776430634 1.4971045079205474
38.511396518921195 1.5218843206457018
38.092837943636475 1.5619470002786386
38.084012170833915 1.5627964974550104
38.07255168638713 1.5638998844065484
37.96005060918729 1.5747488753816472
37.79007376483867 1.5912016574814338
37.7268652230624 1.5973387645462935
37.5042559753464 1.6190347379728354
37.47255783970582 1.6221345757708006
37.41626994214213 1.6276455741277345
37.41205584551258 1.6280584986423061
37.30644520380637 1.638422131635905
37.07278274217258 1.661456213995642
37.05814064743311 1.6629044389064038
36.99079440918994 1.6695729188625592
36.76024093973482 1.6924941088179923
36.74380095637259 1.6941340276946208
36.728614295640334 1.6956495774040639
36.5042976599093 1.7181084909234863
36.478089425623025 1.7207414973683415
36.434597319647665 1.7251151027210154
36.26086176330307 1.7426383446804292
36.23287952074713 1.7454685258031368
36.17536938255638 1.751292087256932
36.163993162931014 1.7524451567949093
35.993454902295326 1.7697741638053253
35.899112926178844 1.779395899601054
35.65374337652269 1.8045395076637984
35.65007640911349 1.8049165815524124
35.602285499956885 1.8098344657433658
35.40109271237275 1.830610696640735
35.36282106440497 1.834576193095958
35.29002359031557 1.842130924302718
35.25562476018485 1.8457061682755689
35.015022124736596 1.8708111743497462
34.95708371141716 1.8768823662100442
34.90759550588617 1.8820760596868422
34.7652950073423 1.897051355230107
34.75796998901849 1.897823877063593
35.53106735527156 1.9271075824472714
35.53106735527157 1.936116021823147
35.01112032930113 1.9403827011677164
35.011120329301136 1.9536409693262113
35.011120329301136 1.960344048854929
35.01112032930116 1.9634338245550234
34.912148766409224 1.9779004988508853
34.91214876640923 1.9800885247211277
34.912148766409224 2.005697862782023
34.91214876640921 2.0180519614876973
34.91214876640921 2.0382461988410534
34.912148766409196 2.044344602383691
34.912148766409196 2.050835910103708
34.912148766409196 2.0762446676685538
34.91214876640921 2.0890519693266496
34.623531410525416 2.100480043223754
34.70338974099751 2.114122795621226
34.7033897409975 2.125103822996448
34.70338974099751 2.128627002781761
34.018618960595084 2.1468090972388496
34.01861896059509 2.15675394341811
34.018618960595084 2.1803965880948772
34.01861896059508 2.2011977482684038
34.01861896059508 2.2115170905745782
34.0186189605951 2.230198808028333
33.94734371535893 2.23335925131445
33.94734371535893 2.2513175514621113
33.94734371535893 2.2646146400496594
33.947343715358926 2.2758310289372243
33.340541319866574 2.293775680196388
33.340541319866574 2.295458472045055
33.34054131986658 2.3052182831170316
33.34054131986657 2.3155192626662617
33.34054131986657 2.3289903187951313
33.34054131986657 2.332806942413302
33.34054131986658 2.3459907626983902
33.340541319866574 2.347720116789375
32.85966806690427 2.356194490192345
32.85966806690426 2.3648149663044813
32.859668066904284 2.368028257295496
32.85966806690426 2.377024810228562
32.859668066904284 2.3801420071145523
32.859668066904284 2.385032647063464
32.85966806690427 2.3870488929228713
32.859668066904256 2.3981279360657446
32.85966806690427 2.40406208848299
32.85966806690428 2.4092420199538154
32.859668066904284 2.4093358990372797
32.859668066904284 2.4179714517526945
32.85966806690427 2.418613300188302
32.51031244428317 2.420209468026689
32.510312444283166 2.4231673484017615
32.510312444283166 2.429457623931584
32.51031244428317 2.434978451181489
32.510312444283166 2.441873787696878
