81.94119758455874 0.7853981633974483
81.53480162134771 0.8007030907216404
81.17753622488954 0.8264008108427756
80.82297285534894 0.8420385465368234
79.87988387416988 0.8897299945229111
80.17821844368189 0.9206922325273874
79.12256708953123 0.9384471720272263
79.05694150420949 0.9652516631899264
78.72799302543633 0.9983365129768451
77.78619441470634 1.017407385142108
77.59467930248415 1.0511800668378326
77.49204669537426 1.0850809934044578
77.47864981058066 1.1190327083917495
77.01727663098703 1.149857773559095
77.08463869339563 1.1669065441824884
76.62992449898228 1.1810243559719913
76.5259980248701 1.2052781206030003
76.82834864624739 1.2393608451937395
76.65701258107227 1.2708869589084495
76.1543233760115 1.2930271717187978
75.8355989116176 1.339927733768123
75.57507324178873 1.3550822055843916
76.53718684982024 1.3613568165555767
76.127043687072 1.4020811657687782
75.71909837638586 1.4428055149819787
75.3133391400362 1.4835298641951802
74.90975426341096 1.5242542134083816
74.50833209467386 1.5649785626215822
74.10906104442783 1.6057029118347828
74.50993292042497 1.6221345757708008
73.99265838452953 1.6384221316359042
73.54705670639044 1.6629044389064038
73.21698330031508 1.6956495774040636
73.26422768871267 1.7524451567949093
72.90914856612082 1.7697741638053248
72.26560965701698 1.804916581552412
72.12661876830285 1.8306106966407345
71.25299726591972 1.8768823662100438
70.50117179815875 1.897823877063594
70.06629194393805 1.927107582447272
69.83766737058946 1.936116021823148
69.39503797414686 1.9536409693262122
68.73235509916465 1.9800885247211273
67.14856814399418 2.044344602383692
65.44296719186478 2.1004800432237545
64.9869175057394 2.125103822996447
63.97440368279044 2.1803965880948777
63.41148301987033 2.211517090574578
63.07594229721855 2.230198808028332
62.2637920135745 2.2758310289372243
61.91769205226845 2.2954584720450555
61.33085422775299 2.3289903187951317
60.49988404522176 2.377024810228562
60.138380407635914 2.3981279360657446
59.78952551704637 2.4186133001883015
59.30121658390912 2.4474892979426937
59.0755534298915 2.4609142453120043
58.63795572553712 2.4870941840919194
58.20359949315782 2.5132741228718345
57.77246072179455 2.5394540616517496
57.34451557834764 2.5656340004316647
56.919740406259265 2.5918139392115798
56.498111724205735 2.617993877991495
55.87775210805411 2.6568708815924715
55.581627949029446 2.6755809827992234
54.756246280391544 2.7282622490504664
54.2947507391272 2.7580651376328014
52.89019703540948 2.819842099193151
52.42666089483749 2.841040336799228
51.556214367170625 2.881358585951027
50.84534056431972 2.9147938055359077
49.75368879941787 2.9670597283903604
49.096968065881065 2.9990574313435907
48.44891567698893 3.0310551342968193
47.80941721546325 3.063052837250048
47.178359774269616 3.095050540203278
46.55563193668291 3.1270482431565068
45.94112375661636 3.159045946109736
45.659764860050736 3.173839536025047
44.65407091641233 3.2274736046507773
43.62735239561619 3.2834897081939567
43.04008852399158 3.3161255787892263
42.267264318718816 3.3597588100890827
41.508316879798926 3.403392041388942
40.76299703718384 3.4470252726887995
40.03106009490182 3.4906585039886577
39.548010071760615 3.5342917352885173
39.26542521974803 3.5779249665883732
39.19857718377831 3.588292732784194
38.49968123452182 3.697758883710246
37.96073315282405 3.7835385536835826
37.279832209108584 3.893669821108994
37.437375621504316 3.938101470884849
37.103148095760254 3.9943046927799455
37.35409910201531 4.061014018567304
37.612576119603155 4.104866079993318
37.44661713623938 4.139635739345013
