77.16998775871149 -0.855284165032091
77.05196013889017 -0.8478169733934052
76.96259149982738 -0.8421553212195411
76.89059641207233 -0.8375895289845527
76.87144669664308 -0.8363743704727615
76.70683810531071 -0.8259165158757952
76.63614871595739 -0.8214186128266378
76.4102406444932 -0.8070164166339556
76.39453873326146 -0.806013799023052
76.30373892805511 -0.8002118945093497
76.0723932866164 -0.785398163397448
75.95611668067723 -0.7779356153621994
75.93077213873403 -0.7763075047323877
75.88699412335936 -0.7734939638391385
75.81860192892773 -0.769095260078786
75.77599337798836 -0.7663528474154319
75.71277208896205 -0.762280895013155
75.59669075142894 -0.7547954754687298
75.50256458977583 -0.7487173756407969
75.3269696109687 -0.7373582305496861
75.31409090427489 -0.7365240719401787
75.19249167131568 -0.7286410055753546
75.02763324381945 -0.7179331388755433
75.01823052005935 -0.7173217051394487
74.78693389113329 -0.7022569315090069
74.57808469882025 -0.6886141182899745
74.55268033468478 -0.6869520041848152
74.47284458578524 -0.681724955653685
74.35067432942519 -0.6737153015575487
74.30866177951579 -0.6709578581273846
74.20839927201361 -0.6643709435882437
74.10115238811227 -0.6573153203224077
74.06882768808593 -0.6551867204330519
73.92884591216371 -0.6459581063061104
71.82374620577197 -0.6448221119878905
71.59695920550013 -0.6278902159898708
71.59695920550011 -0.6258464424641883
71.59695920550013 -0.6102871754748507
71.39368896148603 -0.6097134773912775
71.39368896148603 -0.6046986401181556
71.39368896148603 -0.5954098754787325
71.39368896148603 -0.5902397362807782
71.39368896148603 -0.5749679600509747
70.24549142645346 -0.5705827629957897
70.24549142645346 -0.5557557211123134
70.24549142645343 -0.5548763243540797
70.24549142645346 -0.5477858495319768
70.24549142645346 -0.5458988974872891
70.24549142645346 -0.5450384050676407
69.8106683234354 -0.5447547332268438
69.81066832343541 -0.5247957716501075
69.42298015074245 -0.5186206282202724
69.42298015074246 -0.5182556425317528
69.42298015074243 -0.5149620382444483
69.42298015074245 -0.5091796668403158
69.42298015074245 -0.49865275926550673
69.88002570892189 -0.49565174353452884
69.8800257089219 -0.4911635982862606
69.88002570892189 -0.49027569618884875
69.8800257089219 -0.48855349002104514
69.58229301862725 -0.469318625710637
69.58229301862725 -0.46039029153080024
69.58229301862725 -0.45975657805416165
69.58229301862725 -0.45634846855710903
69.08322046257665 -0.4350839511620461
69.08322046257663 -0.4280894803893484
69.08322046257666 -0.4145068745847859
68.12491071706158 -0.4037579999228278
68.12491071706155 -0.3995154939993747
68.12491071706157 -0.3930580191819327
68.12491071706158 -0.38944357709061095
68.12491071706157 -0.38868950050623435
68.12491071706158 -0.3757520547726104
67.78374936664903 -0.36841993909224685
67.78374936664902 -0.3671738338182193
67.78374936664903 -0.3644075891452026
67.78374936664905 -0.35563588430075976
67.78374936664903 -0.3455555805817122
67.16838315384501 -0.34390759262075016
67.16838315384501 -0.3304839568050688
67.168383153845 -0.32517519854253646
67.168383153845 -0.3217505543966425
66.7964423145601 -0.2994701193675953
66.7964423145601 -0.29093839120652465
66.7964423145601 -0.28778304171821895
66.7964423145601 -0.2860514417173181
65.16548006719158 -0.27891962172791485
65.16548006719157 -0.27007246991421224
64.85144055886927 -0.26147881571224924
65.98862227608782 -0.25686999449405634
65.98862227608781 -0.2542205441716837
64.55731607512452 -0.2438736912008837
64.55731607512452 -0.23575626320240134
64.55731607512449 -0.23071655572812794
64.55731607512449 -0.22449735614507632
64.85677593037636 -0.22407961614291902
64.85677593037634 -0.2231133610549015
64.85677593037634 -0.19739555984988075
64.85677593037637 -0.1897426480317378
64.85677593037634 -0.1891990220999681
64.37482153030658 -0.18843522618204678
64.37482153030659 -0.16169644717055678
63.97582804774366 -0.15229980027248408
63.97582804774364 -0.15115604926628692
63.80794062808509 -0.1340745283777394
63.80794062808511 -0.12318266214127621
63.80794062808511 -0.11998821007635521
63.8079406280851 -0.11211070852242966
63.80794062808511 -0.09217503755646181
63.8079406280851 -0.08980518655416786
62.3099185648408 -0.08367513466739636
62.30991856484082 -0.07271922855325401
62.30991856484082 -0.06559917183103886
61.58938703344683 -0.06212092498838466
61.589387033446826 -0.0587558227157226
61.589387033446826 -0.03702011587393013
61.58938703344684 -0.02157938356653024
61.58938703344684 -0.019605330857204784
61.589387033446855 -0.007407271931165148
62.06509586367747 0.014217051529488782
62.06509586367748 0.019605330857204707
62.06509586367746 0.021579383566530254
62.06509586367748 0.02563540852167755
62.06509586367745 0.03354445956167825
62.06509586367748 0.05180545679100096
60.96825426139132 0.05309016095895562
60.968254261391316 0.053384343490735446
60.96825426139131 0.07810167771998523
60.96825426139131 0.08251895443298188
59.91487617898625 0.08354889595065212
59.91487617898625 0.08820590439668323
59.914876178986255 0.10043611204885064
61.19485018023425 0.10110337173629852
61.19485018023423 0.1090546584432376
61.194850180234255 0.11256561580368486
61.194850180234255 0.1351706986490092
59.72978368304651 0.14328981136378713
59.72978368304652 0.14382755413644888
59.72978368304651 0.14932266069369715
59.72978368304653 0.1664456935485435
60.58680752172655 0.1707352114752828
60.586807521726534 0.20052054967741448
60.58680752172653 0.2043158646001213
60.58680752172656 0.22679884805388578
60.58680752172655 0.24309542618184332
59.70660677624851 0.2437839205650999
59.70660677624849 0.26003128958213223
59.02465615827064 0.2776151964152161
59.02465615827064 0.28605144171731806
59.02465615827063 0.29915553030994335
58.79558159611072 0.2996022779571343
58.79558159611073 0.313092762066895
59.081155680288425 0.33452941147452925
58.63090421680599 0.35699236746225066
58.193510300179646 0.3789796607413026
58.14397634298761 0.38148008663910604
58.03723137817734 0.38687571773102797
57.919700618851756 0.39282802838561975
57.72924192083871 0.4024994463515048
57.13699737837429 0.43277855790430664
56.94105629207047 0.44286538207280923
56.83645791017435 0.4482642072202113
56.12547289502207 0.48522699256733604
55.88775211003068 0.4976901798491699
55.36474858226105 0.525297779640065
55.15269126763965 0.5365659547983012
55.01987983073953 0.5436452955332053
54.97923686048108 0.5458151313625063
54.87956936197927 0.5511429498031972
54.79527732409308 0.5556564162467013
54.75698968948076 0.5577088436287926
54.234845410563274 0.5858427796921609
54.052961539771125 0.5957066113750669
53.891849766799794 0.6044717026433262
53.81965394709778 0.6084079342341061
53.723876840398475 0.6136380120692456
53.57858114714318 0.621589967753647
53.51196216328636 0.6252432022753828
53.35638081389814 0.6337926759591754
53.279317451903324 0.6380366823087961
53.274180371191264 0.6383198080090458
53.1546464547288 0.6449155350070508
52.78021194127962 0.6656727654043983
52.69875584390611 0.6702078817047644
52.63753290179869 0.6736211218629703
52.42091909558529 0.6857295109062861
52.13903551055263 0.701561521329034
51.7333465761252 0.7244979551194605
51.72686003851052 0.7248661436153415
51.47052144971248 0.7394535075893294
51.02120247222798 0.7651988908163805
51.13062117844659 0.7853981633974478
50.814845945260416 0.7975926808456997
50.66478620307966 0.8034142319515041
50.537068606504874 0.808382620838901
50.46339165850872 0.811254468756708
50.30641528879393 0.8173872474367629
50.09237697101416 0.8257802389619481
49.50624562665027 0.8489488348229054
49.494569726790104 0.8494131412317928
49.448733541335564 0.8512369327001424
49.31154662673948 0.8567056281827397
49.06832852773586 0.8664385580404537
48.69205192104993 0.8815915909563175
48.15547084176847 0.9034040369102339
47.976774932090684 0.9107221498889951
47.860460502106235 0.9155002211074128
47.71127661432667 0.9216455605980283
47.60449428536128 0.9260560612628718
47.5337971758295 0.9289815570439175
47.38130337413408 0.9353066999085593
47.27099489349746 0.9398947803318294
47.25898621997367 0.940394905321389
47.17123296160513 0.9440534255838494
47.16241711388917 0.9444213431537097
46.995611643806576 0.9513957370427983
46.611124887489055 0.9675664738702122
46.53589443600126 0.9707461133931437
46.5125050214023 0.9717357221744976
46.32415290342421 0.9797231085376877
45.8318159824685 1.0007558630951863
45.77846046762684 1.0030487796844911
45.69333317310996 1.0067126057452402
45.43929074702731 1.0176871523684703
45.41873202622325 1.0185779640442647
45.09057091283076 1.0328520689939262
45.0302917006138 1.0354853389177658
44.38950355530583 1.0636978224025597
44.357842747458506 1.0651023158610786
43.82326918131502 1.0889689027211131
43.698148701419534 1.094597075724522
43.04816920082193 1.1240962476004952
42.923644897199914 1.1297985654402463
42.570809658965324 1.1460461781458537
42.521577959851314 1.1483239344091807
41.93971022018744 1.1754462356608977
41.909127895734734 1.1768821434385968
41.2563329161846 1.2077847998447762
41.008556478934146 1.2196424841942495
40.00510644184178 1.2351577764672872
39.93073463315916 1.2490457723982542
39.93073463315916 1.2490457723982542
39.84081822987333 1.2658711075899765
39.729986812504634 1.2866624282690309
39.634911441750255 1.3045442776439722
39.58051508428078 1.3147944881193103
39.578114156968724 1.3152472328535152
39.53160812845912 1.3240223334604986
39.51144678148392 1.3278297333873987
39.30180315216139 1.367535731556392
39.270930792967235 1.3734007669450146
39.23121048911633 1.3809534934206098
39.111615522306046 1.4037404679672636
39.10913971761032 1.404212930135133
39.05687099463113 1.414194449812882
38.99146333439004 1.42670388603612
38.91111345972895 1.4420998255168824
38.83060872076934 1.4575573557633736
38.827105591374725 1.458230710991212
38.825762228312605 1.4584889421023215
38.75543768012599 1.4720197347272341
37.933429697374976 1.488628804433195
37.793434025990734 1.5025793598965407
37.786915795499304 1.5032301593583974
37.75253987194091 1.5066642117934652
37.43484834270803 1.5385494443596421
37.422934847296524 1.5397504045508734
37.342195458626115 1.5478995655735124
37.05031118772747 1.5775076354262192
36.83093779200025 1.5999143083019356
36.74288285632831 1.6089457476658788
36.52752444597967 1.6311257123345901
36.02530574418861 1.6833619425985815
35.97851775894836 1.6882654317065229
35.97759788115037 1.6883619009325397
35.72805067451442 1.7146238809313445
35.70026332541455 1.7175595230383596
35.51451582452293 1.73724202034344
35.5116157432708 1.7375501392675972
35.485513170479145 1.7403245382528183
35.48420140010485 1.7404640179924815
35.474163257524154 1.7415315382701797
35.2009400337889 1.770704444171622
35.166361395895194 1.7744126462135703
35.04727557228136 1.787211332083
35.00630113031946 1.791625096524245
34.735551419081276 1.8209207421021858
34.48820981645282 1.8478838651815177
34.485944845391515 1.8481316659446283
34.38161226274635 1.859563922991618
34.297226495545566 1.8688359106871546
34.15121773288782 1.8849328151362745
34.08237020779453 1.892546881191539
33.927664161346044 1.9097125769460497
33.73688019301036 1.9309894712127271
33.58666818635236 1.9478264722551135
33.567275171835526 1.9500056877733445
33.548986105550846 1.952062005204013
33.43450692030565 1.9649589110651704
33.19613383863505 1.9919556584286755
33.03408761696623 2.0104189843887545
32.85276236068847 2.0311866183256972
32.85102774372282 2.0313858413532437
32.67894582530713 2.05120214337794
32.600516139604714 2.0602684517281364
32.54716617000195 2.0664480703294252
32.47198415402222 2.0751737494677682
33.330161325430744 2.1036402144142854
33.33016132543075 2.1425255026523615
33.330161325430744 2.1426340567118567
33.33016132543076 2.149202295972524
33.33016132543073 2.1927180520216507
33.330161325430744 2.2169736111796894
33.33016132543073 2.236290504827321
33.33016132543076 2.2466349634184004
33.330161325430744 2.247648455185158
33.33016132543076 2.249929627301266
33.330161325430744 2.284887025407054
33.33016132543073 2.30803897713243
33.33016132543076 2.310771210770768
33.330161325430744 2.3158124146278447
33.33016132543076 2.330056653308991
33.33016132543074 2.3459907626983907
33.330161325430744 2.356194490192345
33.330161325430744 2.356194490192345
33.330161325430744 2.3781689744890073
33.330161325430744 2.382678362790076
33.33016132543074 2.3863058682054277
33.330161325430744 2.4028273245124105
33.33016132543074 2.4223628139255022
33.330161325430744 2.428982338796271
33.330161325430744 2.430382407884968
33.33016132543074 2.4388460061551935
33.33016132543073 2.446311194393823
33.330161325430744 2.4524478554159708
33.330161325430744 2.4568631423501746
33.33016132543074 2.465513024080245
33.330161325430744 2.4688112124507313
33.33016132543074 2.4797005885083836
33.330161325430744 2.4862965479023105
33.330161325430744 2.492837652683432
33.330161325430744 2.495529637506477
33.330161325430744 2.5025097781973757
33.33016132543075 2.527954641520549
33.33016132543075 2.530464921443978
33.330161325430744 2.5473789497893593
33.33016132543074 2.5508800295762946
33.33016132543074 2.5547992392956957
33.330161325430744 2.5555317951746694
33.33016132543075 2.560448653058726
33.330161325430744 2.5684649859084363
33.33016132543074 2.573845106479388
33.33016132543076 2.5802181372302684
33.330161325430744 2.5815973410144055
33.330161325430744 2.6036483957888237
33.33016132543074 2.609558700998483
33.330161325430744 2.6153817885446347
33.33016132543074 2.616392678243026
33.330161325430744 2.6247739207112257
33.309391632605006 2.6344941491974563
33.309391632605006 2.637215230916922
33.309391632605006 2.639415369311553
33.30939163260501 2.6396157433403973
33.30939163260501 2.6440259229098
33.309391632605006 2.658004667954728
33.309391632605006 2.659838371704292
33.309391632605006 2.6620733615971965
33.30939163260501 2.6649587616688146
33.30939163260499 2.6667095623310244
33.309391632605006 2.6748490792484376
33.309391632605006 2.680912394930062
33.309391632605006 2.6819936054650153
33.309391632605 2.688045711174309
33.30939163260499 2.693889023705579
33.309391632605006 2.7120525473399275
33.309391632605006 2.7166500788347503
33.309391632605006 2.72552814786597
33.309391632605006 2.733103760517166
33.309391632605006 2.7353531592257863
33.30939163260501 2.752433834802868
33.30939163260501 2.753012634142898
33.309391632605006 2.754362074269686
33.30939163260499 2.755975588435142
33.309391632605006 2.7703330406685565
33.30939163260501 2.771008773313405
33.309391632605006 2.792290017945392
33.309391632605006 2.7968198517131713
33.30939163260501 2.7990117791569333
33.309391632605006 2.8020398257666543
33.30939163260502 2.812407291947953
33.30939163260501 2.828499891522898
33.309391632605006 2.8288238935851737
33.30939163260502 2.8316525736474656
33.309391632605006 2.836507222907092
33.30939163260501 2.8383585012611596
33.30939163260501 2.8441534178273673
33.30939163260499 2.8492453873971564
33.30939163260501 2.854762395830564
33.30939163260501 2.8567380993919085
33.30939163260501 2.8599440452829072
33.309391632605006 2.8690447799635495
33.309391632605 2.8788452629871837
33.309391632605006 2.8794728123243205
33.309391632605 2.885224961271994
33.30939163260501 2.8861509941129753
33.309391632605006 2.8875351218871192
33.309391632605 2.8882709182540443
33.309391632605006 2.9039345039082476
33.30939163260501 2.9050781172293583
33.30939163260501 2.9269077503817043
33.309391632605006 2.9466480692241577
33.30939163260501 2.9468148888072303
