82.21101215184704 0.8664385580404543
81.258483719982 0.9034040369102332
80.76729784624519 0.9353066999085584
80.5528045772431 0.9513957370427981
80.1666194207283 0.959931088596881
79.73961438564866 0.9919287915501105
79.3148837797679 1.02392649450334
79.09549038246034 1.0559241974565694
78.82201523125369 1.0879219004097989
78.54948562900266 1.1199196033630283
78.27789830644198 1.1519173063162569
78.06665621460317 1.176882143438597
77.31829550483342 1.2658711075899767
76.99531033216289 1.3045442776439717
76.36112746343647 1.3809534934206091
76.1730127640308 1.403740467967264
75.98391027131885 1.426703886036119
75.85738850914913 1.4420998255168822
75.73057254071152 1.457557355763372
75.51796726953948 1.4835298641951802
75.16213796546755 1.5271630954950384
74.80798527556057 1.5707963267948966
74.45550129986484 1.6144295580947547
74.10467817564992 1.658062789394613
73.75550807723343 1.7016960206944711
73.40798321580641 1.7453292519943293
73.17725314969468 1.7744126462135696
73.04104173096003 1.7916250965242444
72.5058759656168 1.8595639229916188
72.30704785812388 1.884932815136274
71.94747230145737 1.930989471212726
71.78355065078492 1.952062005204013
71.47424303089188 1.991955658428676
70.98113186427277 2.010418984388755
70.09650951610692 2.0512021433779406
69.76865049959251 2.0664480703294252
68.97526369980672 2.103640214414286
66.61282773677814 2.2169736111796894
65.98744182183805 2.247648455185157
64.71893260174421 2.310771210770767
64.33625912458757 2.3300566533089917
63.30357794155236 2.3826783627900756
62.91256535789474 2.40282732451241
62.38173592442554 2.4303824078849665
61.959891641312026 2.4524478554159703
61.44281282620307 2.4797005885083827
60.491115223294194 2.5304649214439756
58.93198576652732 2.6153817885446333
57.526315086158476 2.6938890237055784
57.12508404678973 2.71665007883475
56.797482269447464 2.7353531592257863
56.46644852321918 2.754362074269686
55.73401153037185 2.7968198517131704
55.057960031908 2.836507222907091
54.71650056668409 2.856738099391908
54.20076538126605 2.887535121887119
52.85123078184375 2.9682099445180317
52.575534721114096 3.001277876146176
52.263001866178584 3.0019663134302466
51.29305658212578 3.0485084268167633
50.341112442677435 3.095050540203278
49.406835365888504 3.141592653589793
48.48989747001672 3.1881347669763085
47.589976958453356 3.2346768803628234
46.706758006789855 3.2812189937493392
46.27471751365812 3.3140557251166225
45.016336903787426 3.3723092093179208
44.162722071462554 3.4043400441924025
42.44475342637304 3.5027964090834747
41.721186937170984 3.570553864767045
41.19537381223058 3.6403695747617877
40.756259204689805 3.679536911390763
40.38097122866464 3.7194945905520385
39.20710690466602 3.852659929819576
38.71866407944476 3.8840065571194704
37.88755901384626 3.970918584064131
37.951435001658645 4.092139494401868
36.972354770842486 4.223835490363644
37.000420833667725 4.294971753132225
37.57575968976511 4.385687971379204
38.0243047387464 4.4542778640015275
37.612576119603155 4.499657199693079
37.96055136859332 4.533228481174274
