75.19512359431432 -0.8685393952858892
75.1457961400944 -0.8652281491096854
75.0581189865428 -0.8593372010553884
75.00750157377448 -0.8559331293020269
74.77679218481799 -0.8403885386055969
74.74701651962036 -0.8383788393015515
74.49146206347191 -0.8210972760767721
74.4483098205782 -0.818173307801524
74.30015509009898 -0.8081215242390895
74.25711366963722 -0.805197555963841
74.12668518947984 -0.7963266900508335
74.10216366183226 -0.7946571580595715
73.966317810583 -0.785398163397448
73.966317810583 -0.785398163397448
73.80453127069457 -0.7743488893180794
73.7999406250069 -0.7740350161331575
73.69286923205887 -0.7667087509505427
73.61401543172475 -0.7613064399725269
73.4656459977189 -0.7511258740466489
73.4216348032166 -0.7481020331777809
73.21266995353294 -0.7337200789150187
73.13901495602447 -0.7286410055753552
73.00958415842338 -0.719703361844984
73.00600775037069 -0.7194561736161774
72.63935556127846 -0.6940500450596676
72.40824923471357 -0.6779702097927925
72.35266831662486 -0.6740953645211146
72.30144333056235 -0.670521557980549
72.1874989083785 -0.6625629245195532
72.09293769905277 -0.6559485986621455
72.01942045003045 -0.6508002492369817
70.88784455173052 -0.6402718412240447
70.88784455173052 -0.6346517822770267
70.29965520890804 -0.6309494667237168
70.29965520890804 -0.601454706860273
70.29965520890805 -0.5954098754787325
69.9097292386012 -0.5938368430683221
69.9097292386012 -0.5895293199186298
69.90972923860117 -0.5859576166232136
69.90972923860119 -0.5775082361951853
69.9097292386012 -0.5767164010624214
69.9097292386012 -0.5667292175235064
69.90972923860123 -0.5637486004187707
69.61709411048082 -0.5563601789155386
69.61709411048083 -0.5404195002705843
69.61709411048083 -0.5404195002705843
69.61709411048083 -0.5384432182585235
69.61709411048086 -0.5198231622134843
69.42298015074245 -0.5186206282202724
69.42298015074246 -0.5070985043923368
69.08322046257665 -0.4922112668395661
69.08322046257666 -0.4911635982862604
69.08322046257665 -0.48059513880721105
69.08322046257665 -0.47569521885499205
68.26698047253423 -0.4694278914444679
68.26698047253423 -0.4600375163808063
68.26698047253423 -0.45159999914661997
68.26698047253423 -0.4482642072202107
68.01816366409265 -0.4423742229767449
68.01816366409267 -0.42808948038934835
68.01816366409267 -0.42751875848803056
68.01816366409267 -0.4239572725038959
68.01816366409265 -0.4077448455908829
67.58436992991449 -0.40717749659024655
67.58436992991449 -0.40489178628508343
67.58436992991449 -0.40489178628508343
67.5843699299145 -0.40044077710334575
67.58436992991447 -0.39416258427027445
67.12715816509589 -0.3910836880848508
67.12715816509589 -0.3704924057065736
67.1271581650959 -0.366165769643553
67.12715816509589 -0.3636109035266313
67.12715816509588 -0.36324920718649495
66.81716001127494 -0.3551642974458347
66.81716001127494 -0.35493339056314055
66.81716001127494 -0.34674534801556217
65.30868941798488 -0.3445386317797409
65.30868941798488 -0.3286708591468828
64.92076618735288 -0.327481150691187
66.03579819763381 -0.3217505543966422
64.55195595255839 -0.31022368742196094
64.55195595255837 -0.2970642123410428
64.5519559525584 -0.2920982312083693
64.76601483957997 -0.2901518800380245
64.76601483957997 -0.28157118495615874
64.76601483957997 -0.27733533914973135
64.76601483957998 -0.26625204915092526
64.28337997629303 -0.26384434914853494
64.28337997629303 -0.2633065495691608
63.986644367707285 -0.24609348986679772
63.986644367707285 -0.24029851009077108
63.98664436770728 -0.22377466372495078
64.15406413187459 -0.21717715185377773
64.15406413187459 -0.21516018834340347
63.91089168619514 -0.19920061204108766
63.91089168619516 -0.18974264803173785
63.91089168619514 -0.17123873610543783
63.91089168619514 -0.17073521147528278
62.90680754883496 -0.16438003805792853
62.90680754883498 -0.16373824111435922
62.906807548834955 -0.1605119254818592
62.906807548834955 -0.13818649649439776
62.90680754883495 -0.13306726200855684
62.90680754883496 -0.1297025371559122
62.564845253478374 -0.12727043818153655
62.564845253478374 -0.11400729239334224
62.56484525347836 -0.1121107085224299
62.56484525347837 -0.10905465844323715
63.011230942693814 -0.10756444752982855
63.01123094269381 -0.08506553996864509
63.011230942693835 -0.08476372911261788
62.25991951371822 -0.0803950638212384
62.25991951371823 -0.07810167771998518
61.5556686749544 -0.05258306161094172
61.55566867495441 -0.051805456791001375
61.55566867495438 -0.04345089539153058
61.5556686749544 -0.0387402976634794
61.55566867495441 -0.02013150813040233
60.88874646736277 -0.014491739065500022
60.888746467362786 0.020131508130402494
60.888746467362765 0.02068670377984425
60.900111078813026 0.02414989339751581
60.90011107881304 0.02654243775139692
60.900111078813026 0.03997868712328993
59.82818537032427 0.06395208079687746
60.50107951795051 0.08273751774000698
61.2390320586412 0.08820590439668284
60.94763382137259 0.09877659206766282
60.814376286647615 0.10362745999687135
60.80141248604753 0.10409993810959943
60.297725636395946 0.1225357121391136
60.19732835738815 0.12622882121057968
59.773242648650104 0.141897054604164
59.72119776267604 0.14382755413644932
59.037460728864566 0.16934680556422005
58.6528872263867 0.18383050047756283
58.57925866665528 0.18661430643146593
58.46547655191501 0.19092315832258552
58.09024273338626 0.20519267279278752
57.91910219580851 0.21173149522928714
57.52666155633052 0.22679884805388614
57.025645184302114 0.24618493515939627
56.88416949425256 0.2516899717581867
56.757630997712624 0.2566253910622563
56.64754081800388 0.260928230771326
56.187152449881 0.2790134347582695
56.08675706572296 0.2829768933728171
56.08150386530516 0.28318447709527167
55.32975172053889 0.3130927620668954
54.368274662803856 0.35194271927360493
54.30494544281875 0.3545256988007182
54.13357220941889 0.36153055286766933
53.8273091120367 0.374104415919917
53.696193091320986 0.379509368469635
53.55951900638081 0.38515750636347434
53.28344789191891 0.396610402107409
53.02395318561494 0.4074298519011753
52.5423249352841 0.4276520829322773
52.49994352489966 0.42944042522946313
52.10529448524253 0.44237422297674495
51.792712099680735 0.4671811631986673
51.37373331431316 0.5006677248747359
51.23930047472425 0.511470061244018
51.08984450795275 0.5235128987169283
50.977459448899204 0.5325918714956914
50.880762765404825 0.5404195002705843
50.73535492056405 0.5522183627506315
50.69184193804966 0.5557557211123139
50.37774820557119 0.581380183804899
50.36941645819614 0.5820620793691732
50.03802548865411 0.6092759895716289
49.88192047379708 0.6221578806126108
49.681792544849394 0.6387316696002557
49.64172276225693 0.6420581083518467
49.47112162703935 0.6562508732694285
49.44795492851988 0.6581819463295601
49.425264739110624 0.6600741769059012
49.37516661162834 0.6642551492395246
49.26447685272711 0.6735078972257724
49.21430984290475 0.6777082925646277
49.000718306220854 0.6956399892074979
48.947318432759396 0.7001352939569188
48.88706643515333 0.7052133160961317
48.83514426008494 0.70959432603631
48.75997814212096 0.7159448374021269
48.73468117856726 0.7180842876047432
48.69449409209566 0.7214853306087141
48.65457888905381 0.724866143615341
47.31534195710981 0.7333618485882326
47.304350238882705 0.7341609959940296
47.224461067456964 0.7399748839758716
47.01305851661987 0.7554071585405704
46.928584408302676 0.7615931372123781
46.7218711745802 0.776777687285312
46.60492270695066 0.7853981633974478
46.60492270695066 0.7853981633974478
46.60492270695066 0.7853981633974478
46.43998728024151 0.7975926808456997
46.2884966672786 0.8088313732769163
46.19211482160667 0.8160008513261675
46.12855544972396 0.8207369806500998
46.110561965504225 0.8220789511540999
46.01480088750963 0.8292297211230861
45.986540964934704 0.8313428192055679
45.95956196069551 0.8333613502745253
45.956992219950266 0.8335536764573644
45.92448045206611 0.835987872166833
45.90517009239254 0.8374344782066647
45.791926939531216 0.8459301831795553
45.73315915514321 0.8503473323654714
45.71996059490237 0.8513401531787184
45.64869785763801 0.856705628182739
45.64386161122997 0.8570700596534855
45.3554269125789 0.878874944556038
45.22662897120971 0.8886565440590174
45.22472138163963 0.8888016257873745
45.18853468362285 0.891554964910084
45.11475861320713 0.8971752049319273
44.85721816943684 0.9168668590843172
44.74285004752559 0.9256477730340537
44.702667562403235 0.92873821844305
44.60040439677186 0.9366158535438893
44.59722860237145 0.9368607834890259
44.31568919604244 0.9586438298498129
44.28966238263336 0.9606645394005293
44.25460056478457 0.963388600603995
44.12905814442858 0.9731601099110416
44.11780459374946 0.9740373796219512
43.96620774383654 0.985876961164737
43.876600889204006 0.9928943898326514
43.79931301301076 0.9989585968779366
43.67619208951202 1.0086411196825205
43.464357711466995 1.0253643371760945
43.43775983015423 1.0274698579685668
43.336653525002234 1.0354853389177656
43.081030178903816 1.055834288550448
42.79942415936414 1.0783918419111693
42.78398659279579 1.0796327285086362
42.70640832062549 1.0858753317700294
42.645843907173166 1.090756743486085
42.586255954041086 1.095566224185434
42.505989248831646 1.102055383230596
42.32423478724222 1.1167947208617677
42.2536958114393 1.122532119574686
42.08853626671657 1.1360031860162771
42.00658798580683 1.1427068464055488
41.67598726100565 1.169884618995994
41.671417303176476 1.1702618114091108
41.45087965362221 1.188513752616148
41.44888054132664 1.1886796451162842
41.445826450789845 1.1889330984120863
41.09938010502812 1.2178059389679858
41.01934320700859 1.2245108193355183
41.00244012062616 1.225928504013961
40.97518746367493 1.2282154523620374
40.92847225805346 1.2321391708445997
40.89256944175706 1.2351577764672874
40.64208268108505 1.2562920223781517
40.62965064328915 1.2573443370829236
40.44522217653897 1.2729932893204619
40.075924108752 1.3045442776439713
40.05749291868973 1.30612655480452
39.818058467546955 1.3267478959578518
39.683057633461566 1.338429607548089
39.55899707251652 1.3491997439486207
39.298999885672735 1.3718810112761501
39.18100457823954 1.382224067383149
39.1300766818495 1.3866978555325642
39.125281184572565 1.3871194184522087
39.09050905101851 1.3901777162106297
38.951347893822685 1.4024445853824326
38.93325674118617 1.4040425143221957
38.845059087847204 1.4118433569662043
38.73517876981068 1.4215867882726632
38.67270673415602 1.4271387106294524
38.504860530852696 1.4420998255168826
38.48399726637868 1.4439640458211747
38.34077355579443 1.4567890344015544
38.0052358537783 1.4870233830511301
37.51090443817867 1.5320560291314174
37.45925025050571 1.5367958293224757
37.449450022987975 1.5376958380795591
37.174477628236325 1.56304454408269
37.01751083010438 1.577598942949706
36.9954906150736 1.5796456533111543
36.75335060019922 1.6022325081511704
36.45761638013052 1.6101460831835017
36.45761638013052 1.6183794300718801
36.45761638013052 1.6197083329440916
36.45761638013051 1.62879572000285
36.45761638013052 1.6300155415071076
36.457616380130524 1.6454870556166963
36.45761638013051 1.6672701019774843
36.45761638013052 1.6753092320501304
36.45761638013053 1.6858241495099018
36.45761638013051 1.7028897739197644
36.45761638013051 1.7059670254439059
36.45761638013053 1.7183112998240164
36.45761638013052 1.7287062475044124
36.45761638013054 1.7352884054857587
36.45761638013052 1.7373797234546595
36.457616380130546 1.7398975527962741
36.45761638013054 1.7462775871152776
36.457616380130524 1.7534509397094669
36.45761638013052 1.768191886644778
36.457616380130524 1.801198762853758
36.457616380130524 1.820920742102186
36.45761638013053 1.8264853885427679
36.32085010361315 1.84130971378812
36.320850103613154 1.857878695982039
36.32085010361314 1.861865974563496
36.32085010361316 1.8656475413654352
36.32085010361314 1.892546881191539
36.32085010361315 1.9104821775637095
35.90886195331185 1.9132693030840227
35.908861953311856 1.9156641495758318
35.908861953311835 1.9288212850485877
35.908861953311856 1.9367888262542066
35.90886195331185 1.9552448648262513
35.90886195331184 1.958241682744004
35.686543847292164 1.9865102013970435
35.686543847292164 1.9868608325187191
35.68654384729217 1.9903267070028725
35.686543847292164 1.9911564925112488
35.68654384729216 2.002754259840672
35.686543847292164 2.013962628813915
35.68654384729217 2.025098413488213
35.68654384729217 2.0557173218197637
35.68654384729216 2.0569481745898686
35.686543847292164 2.0641381754026127
35.13936662071743 2.068139043141719
35.139366620717446 2.10143618775645
35.13936662071741 2.1036402144142854
34.70338974099751 2.114122795621226
34.70338974099752 2.132717889051712
34.70338974099753 2.1331635218207863
34.70338974099754 2.1608029356757714
34.70338974099752 2.16501003059533
34.70338974099754 2.1893393297925554
34.70338974099752 2.1899997880546245
34.53347004911638 2.198966439215776
34.533470049116396 2.204589002754072
34.53347004911638 2.2128544351467427
34.533470049116374 2.22609243248238
34.53347004911638 2.2421087110241857
34.533470049116396 2.2462500272726604
34.53347004911638 2.255188045857119
34.53347004911638 2.293120372295433
34.533470049116374 2.3032638443062114
34.533470049116374 2.3052182831170316
34.56351657746492 2.3080389771324294
34.56351657746491 2.322873494314098
33.70182708383816 2.3315081481367455
33.701827083838154 2.342772477452254
33.70182708383816 2.3440738716502554
33.70182708383816 2.365628172598346
33.70182708383817 2.3764619849045663
33.701827083838175 2.377244012329391
33.70182708383818 2.3795820379713875
33.70182708383817 2.3861854950492223
34.13032218912626 2.3927635461058863
34.13032218912626 2.398851524940905
34.130322189126254 2.40574068478347
34.13032218912626 2.410488902100651
34.130322189126254 2.4152971738029327
34.13032218912626 2.416726509974452
34.13032218912625 2.417760421930278
34.13032218912627 2.4296815504799327
34.13032218912625 2.432435314066483
34.13032218912624 2.4334215475663297
34.13032218912627 2.445952664382295
34.13032218912627 2.4511461965351002
34.13032218912626 2.453785583345734
34.13032218912625 2.467797784877734
34.13032218912625 2.479280449887351
33.121878321275986 2.482107115878143
33.121878321275986 2.4892072770688536
33.121878321275986 2.4919993660332764
33.121878321275986 2.5088438185876103
33.121878321275986 2.518223052926911
33.121878321275986 2.524237515530508
33.12187832127598 2.531460866195426
33.121878321275986 2.537662193586839
33.12187832127599 2.5411080353500304
33.121878321275986 2.552357005044445
32.71191226682184 2.5610712072294533
32.71191226682183 2.5633254865488277
32.71191226682183 2.5725351515656354
32.71191226682183 2.576841672852688
32.711912266821834 2.5792254585639034
32.71191226682184 2.581135755243516
32.71191226682182 2.585119486707954
32.711912266821834 2.5856571571985167
32.71191226682182 2.591985050476051
32.711912266821834 2.6036483957888237
32.71191226682183 2.605607714050392
32.711912266821834 2.608081506282956
32.71191226682182 2.6173333625749127
32.71191226682183 2.6195921227378456
32.71191226682184 2.6266306153453445
32.71191226682183 2.627482870572132
31.995350008170387 2.632708436809819
31.995350008170377 2.6344941491974563
31.995350008170366 2.6358986426559765
31.995350008170387 2.6407129745003415
31.99535000817038 2.647651284670212
31.995350008170366 2.6513664378561237
31.995350008170373 2.671111437979248
31.995350008170377 2.6718101522311115
31.99535000817038 2.6749420506129895
31.995350008170377 2.6805975582619914
31.995350008170373 2.68074615771108
31.995350008170377 2.6987272715169848
31.995350008170384 2.707114487602773
31.984533459515042 2.714965160462917
31.98453345951505 2.7180925935816616
31.984533459515042 2.7201734467019896
31.98453345951504 2.7288393940421747
31.98453345951506 2.731186217325713
31.984533459515056 2.73670086730471
31.984533459515053 2.747894429629769
31.984533459515053 2.7509856098921066
31.984533459515042 2.7598284155056105
31.984533459515053 2.765514945486676
31.29555503112035 2.766321830733836
31.295555031120358 2.77542688394624
31.29555503112036 2.780646497266096
31.295555031120358 2.7892003518159716
31.29555503112036 2.796037073008081
31.295555031120358 2.8014955340800314
31.295555031120358 2.8121202449518887
31.29555503112035 2.8158738660541176
31.295555031120344 2.819842099193151
31.295555031120358 2.8246497544598426
31.29555503112036 2.835465827813628
31.29555503112037 2.850654262383269
31.29555503112035 2.8541797423256634
31.295555031120347 2.8612197425448582
31.295555031120358 2.867614488858183
31.295555031120347 2.8792128019297647
31.29555503112037 2.8884039943062234
31.29555503112036 2.8978593198316105
30.602372298751916 2.8989449885720555
30.602372298751916 2.900651653581716
30.60237229875192 2.917817989864843
30.60237229875192 2.922318747112095
30.602372298751927 2.9502454070822846
30.602372298751916 2.9642836775677956
