# 	phi_year_0	phi_year_1	phi_year_2	phi_year_3	phi_year_4	phi_year_5	phi_year_6	phi_year_7	phi_year_8	phi_year_9	phi_year_10
59.48622694	2.80867101	2.80867101	2.80867101	2.80867101	2.80867101	2.80867101	2.80867101	2.80867101	2.80867101	2.80867101	2.97371988
59.59722482	2.79976168	2.79976168	2.79976168	2.79976168	2.79976168	2.79976168	2.79976168	2.79976168	2.79976168	2.79976168	2.96755819
59.70822269	2.78966714	2.78966714	2.78966714	2.78966714	2.78966714	2.78966714	2.78966714	2.78966714	2.78966714	2.78966714	2.96330029
59.81922057	2.77838739	2.77838739	2.77838739	2.77838739	2.77838739	2.77838739	2.77838739	2.77838739	2.77838739	2.77838739	2.95559868
59.93021845	2.76417811	2.76417811	2.76417811	2.76417811	2.76417811	2.76417811	2.76417811	2.76417811	2.76417811	2.76417811	2.94386604
60.04121632	2.74234030	2.74234030	2.74234030	2.74234030	2.74234030	2.74234030	2.74234030	2.74234030	2.74234030	2.74234030	2.92989413
60.15221420	2.71993686	2.71993686	2.71993686	2.71993686	2.71993686	2.71993686	2.71993686	2.71993686	2.71993686	2.71993686	2.91725198
60.26321207	2.69561289	2.69561289	2.69561289	2.69561289	2.69561289	2.69561289	2.69561289	2.69561289	2.69561289	2.69561289	2.90593958
60.37420995	2.66936842	2.66936842	2.66936842	2.66936842	2.66936842	2.66936842	2.66936842	2.66936842	2.66936842	2.66936842	2.89331861
60.48520783	2.64169661	2.64169661	2.64169661	2.64169661	2.64169661	2.64169661	2.64169661	2.64169661	2.64169661	2.64169661	2.87012628
60.59620570	2.61259749	2.61259749	2.61259749	2.61259749	2.61259749	2.61259749	2.61259749	2.61259749	2.61259749	2.61259749	2.85349208
60.70720358	2.58879834	2.58879834	2.58879834	2.58879834	2.58879834	2.58879834	2.58879834	2.58879834	2.58879834	2.58879834	2.83502189
60.81820145	2.56420114	2.56420114	2.56420114	2.56420114	2.56420114	2.56420114	2.56420114	2.56420114	2.56420114	2.56420114	2.81492631
60.92919933	2.53393400	2.53393400	2.53393400	2.53393400	2.53393400	2.53393400	2.53393400	2.53393400	2.53393400	2.53393400	2.79381291
61.04019721	2.50772482	2.50772482	2.50772482	2.50772482	2.50772482	2.50772482	2.50772482	2.50772482	2.50772482	2.50772482	2.77267164
61.15119508	2.48183081	2.48183081	2.48183081	2.48183081	2.48183081	2.48183081	2.48183081	2.48183081	2.48183081	2.48183081	2.75150250
61.26219296	2.45623244	2.45623244	2.45623244	2.45623244	2.45623244	2.45623244	2.45623244	2.45623244	2.45623244	2.45623244	2.73032437
61.37319084	2.43092971	2.43092971	2.43092971	2.43092971	2.43092971	2.43092971	2.43092971	2.43092971	2.43092971	2.43092971	2.70613580
61.48418871	2.40592262	2.40592262	2.40592262	2.40592262	2.40592262	2.40592262	2.40592262	2.40592262	2.40592262	2.40592262	2.68428430
61.59518659	2.38295548	2.38295548	2.38295548	2.38295548	2.38295548	2.38295548	2.38295548	2.38295548	2.38295548	2.38295548	2.66535717
61.70618446	2.36672730	2.36672730	2.36672730	2.36672730	2.36672730	2.36672730	2.36672730	2.36672730	2.36672730	2.36672730	2.64756266
61.81718234	2.35017519	2.35017519	2.35017519	2.35017519	2.35017519	2.35017519	2.35017519	2.35017519	2.35017519	2.35017519	2.62733176
61.92818022	2.33465401	2.33465401	2.33465401	2.33465401	2.33465401	2.33465401	2.33465401	2.33465401	2.33465401	2.33465401	2.60466445
62.03917809	2.31954852	2.31954852	2.31954852	2.31954852	2.31954852	2.31954852	2.31954852	2.31954852	2.31954852	2.31954852	2.58219905
62.15017597	2.30442337	2.30442337	2.30442337	2.30442337	2.30442337	2.30442337	2.30442337	2.30442337	2.30442337	2.30442337	2.56958966
62.26117384	2.29041861	2.29041861	2.29041861	2.29041861	2.29041861	2.29041861	2.29041861	2.29041861	2.29041861	2.29041861	2.54970677
62.37217172	2.27414864	2.27414864	2.27414864	2.27414864	2.27414864	2.27414864	2.27414864	2.27414864	2.27414864	2.27414864	2.53094450
62.48316960	2.26059250	2.26059250	2.26059250	2.26059250	2.26059250	2.26059250	2.26059250	2.26059250	2.26059250	2.26059250	2.51309226
62.59416747	2.25185014	2.25185014	2.25185014	2.25185014	2.25185014	2.25185014	2.25185014	2.25185014	2.25185014	2.25185014	2.49555787
62.70516535	2.24010264	2.24010264	2.24010264	2.24010264	2.24010264	2.24010264	2.24010264	2.24010264	2.24010264	2.24010264	2.47834133
62.81616322	2.22873957	2.22873957	2.22873957	2.22873957	2.22873957	2.22873957	2.22873957	2.22873957	2.22873957	2.22873957	2.46144264
62.92716110	2.21778046	2.21778046	2.21778046	2.21778046	2.21778046	2.21778046	2.21778046	2.21778046	2.21778046	2.21778046	2.44484291
63.03815898	2.20722532	2.20722532	2.20722532	2.20722532	2.20722532	2.20722532	2.20722532	2.20722532	2.20722532	2.20722532	2.42824318
63.14915685	2.19707415	2.19707415	2.19707415	2.19707415	2.19707415	2.19707415	2.19707415	2.19707415	2.19707415	2.19707415	2.41164345
63.26015473	2.18732694	2.18732694	2.18732694	2.18732694	2.18732694	2.18732694	2.18732694	2.18732694	2.18732694	2.18732694	2.39493607
63.37115260	2.17798370	2.17798370	2.17798370	2.17798370	2.17798370	2.17798370	2.17798370	2.17798370	2.17798370	2.17798370	2.38343876
63.48215048	2.16904443	2.16904443	2.16904443	2.16904443	2.16904443	2.16904443	2.16904443	2.16904443	2.16904443	2.16904443	2.36997613
63.59314836	2.15966004	2.15966004	2.15966004	2.15966004	2.15966004	2.15966004	2.15966004	2.15966004	2.15966004	2.15966004	2.35994933
63.70414623	2.15012468	2.15012468	2.15012468	2.15012468	2.15012468	2.15012468	2.15012468	2.15012468	2.15012468	2.15012468	2.35359486
63.81514411	2.14510740	2.14510740	2.14510740	2.14510740	2.14510740	2.14510740	2.14510740	2.14510740	2.14510740	2.14510740	2.35197059
63.92614198	2.13774026	2.13774026	2.13774026	2.13774026	2.13774026	2.13774026	2.13774026	2.13774026	2.13774026	2.13774026	2.35121877
64.03713986	2.12874386	2.12874386	2.12874386	2.12874386	2.12874386	2.12874386	2.12874386	2.12874386	2.12874386	2.12874386	2.35239748
64.14813774	2.11953091	2.11953091	2.11953091	2.11953091	2.11953091	2.11953091	2.11953091	2.11953091	2.11953091	2.11953091	2.34066365
64.25913561	2.11010143	2.11010143	2.11010143	2.11010143	2.11010143	2.11010143	2.11010143	2.11010143	2.11010143	2.11010143	2.33727192
64.37013349	2.10049682	2.10049682	2.10049682	2.10049682	2.10049682	2.10049682	2.10049682	2.10049682	2.10049682	2.10049682	2.34222229
64.48113136	2.09107031	2.09107031	2.09107031	2.09107031	2.09107031	2.09107031	2.09107031	2.09107031	2.09107031	2.09107031	2.34301833
64.59212924	2.08182188	2.08182188	2.08182188	2.08182188	2.08182188	2.08182188	2.08182188	2.08182188	2.08182188	2.08182188	2.33227414
64.70312712	2.07275440	2.07275440	2.07275440	2.07275440	2.07275440	2.07275440	2.07275440	2.07275440	2.07275440	2.07275440	2.32048396
64.81412499	2.06388226	2.06388226	2.06388226	2.06388226	2.06388226	2.06388226	2.06388226	2.06388226	2.06388226	2.06388226	2.31124540
64.92512287	2.05520545	2.05520545	2.05520545	2.05520545	2.05520545	2.05520545	2.05520545	2.05520545	2.05520545	2.05520545	2.30337741
65.03612074	2.04672398	2.04672398	2.04672398	2.04672398	2.04672398	2.04672398	2.04672398	2.04672398	2.04672398	2.04672398	2.29077832
65.14711862	2.03843785	2.03843785	2.03843785	2.03843785	2.03843785	2.03843785	2.03843785	2.03843785	2.03843785	2.03843785	2.28062351
65.25811650	2.03119614	2.03119614	2.03119614	2.03119614	2.03119614	2.03119614	2.03119614	2.03119614	2.03119614	2.03119614	2.26751184
65.36911437	2.02531996	2.02531996	2.02531996	2.02531996	2.02531996	2.02531996	2.02531996	2.02531996	2.02531996	2.02531996	2.25120680
65.48011225	2.01658337	2.01658337	2.01658337	2.01658337	2.01658337	2.01658337	2.01658337	2.01658337	2.01658337	2.01658337	2.23065053
65.59111012	2.01079718	2.01079718	2.01079718	2.01079718	2.01079718	2.01079718	2.01079718	2.01079718	2.01079718	2.01079718	2.20970078
65.70210800	2.00653167	2.00653167	2.00653167	2.00653167	2.00653167	2.00653167	2.00653167	2.00653167	2.00653167	2.00653167	2.18729946
65.81310588	2.00237411	2.00237411	2.00237411	2.00237411	2.00237411	2.00237411	2.00237411	2.00237411	2.00237411	2.00237411	2.17852219
65.92410375	1.99832449	1.99832449	1.99832449	1.99832449	1.99832449	1.99832449	1.99832449	1.99832449	1.99832449	1.99832449	2.16216190
66.03510163	1.99438282	1.99438282	1.99438282	1.99438282	1.99438282	1.99438282	1.99438282	1.99438282	1.99438282	1.99438282	2.13821857
66.14609951	1.99054909	1.99054909	1.99054909	1.99054909	1.99054909	1.99054909	1.99054909	1.99054909	1.99054909	1.99054909	2.11918862
66.25709738	1.98682330	1.98682330	1.98682330	1.98682330	1.98682330	1.98682330	1.98682330	1.98682330	1.98682330	1.98682330	2.11181556
66.36809526	1.98320262	1.98320262	1.98320262	1.98320262	1.98320262	1.98320262	1.98320262	1.98320262	1.98320262	1.98320262	2.10548154
66.47909313	1.97967263	1.97967263	1.97967263	1.97967263	1.97967263	1.97967263	1.97967263	1.97967263	1.97967263	1.97967263	2.09760886
66.59009101	1.97623335	1.97623335	1.97623335	1.97623335	1.97623335	1.97623335	1.97623335	1.97623335	1.97623335	1.97623335	2.08948622
66.70108889	1.97288476	1.97288476	1.97288476	1.97288476	1.97288476	1.97288476	1.97288476	1.97288476	1.97288476	1.97288476	2.08186349
66.81208676	1.96962687	1.96962687	1.96962687	1.96962687	1.96962687	1.96962687	1.96962687	1.96962687	1.96962687	1.96962687	2.07468021
66.92308464	1.96632277	1.96632277	1.96632277	1.96632277	1.96632277	1.96632277	1.96632277	1.96632277	1.96632277	1.96632277	2.06793638
67.03408251	1.96286374	1.96286374	1.96286374	1.96286374	1.96286374	1.96286374	1.96286374	1.96286374	1.96286374	1.96286374	2.06152010
67.14508039	1.95922867	1.95922867	1.95922867	1.95922867	1.95922867	1.95922867	1.95922867	1.95922867	1.95922867	1.95922867	2.05532857
67.25607827	1.95527406	1.95527406	1.95527406	1.95527406	1.95527406	1.95527406	1.95527406	1.95527406	1.95527406	1.95527406	2.04936179
67.36707614	1.95099991	1.95099991	1.95099991	1.95099991	1.95099991	1.95099991	1.95099991	1.95099991	1.95099991	1.95099991	2.04361977
67.47807402	1.94652795	1.94652795	1.94652795	1.94652795	1.94652795	1.94652795	1.94652795	1.94652795	1.94652795	1.94652795	2.03786994
67.58907189	1.94177986	1.94177986	1.94177986	1.94177986	1.94177986	1.94177986	1.94177986	1.94177986	1.94177986	1.94177986	2.03006642
67.70006977	1.93636865	1.93636865	1.93636865	1.93636865	1.93636865	1.93636865	1.93636865	1.93636865	1.93636865	1.93636865	2.01992994
67.81106765	1.93029430	1.93029430	1.93029430	1.93029430	1.93029430	1.93029430	1.93029430	1.93029430	1.93029430	1.93029430	2.00746051
67.92206552	1.92355683	1.92355683	1.92355683	1.92355683	1.92355683	1.92355683	1.92355683	1.92355683	1.92355683	1.92355683	1.99330054
68.03306340	1.91779973	1.91779973	1.91779973	1.91779973	1.91779973	1.91779973	1.91779973	1.91779973	1.91779973	1.91779973	1.97768617
68.14406127	1.91141256	1.91141256	1.91141256	1.91141256	1.91141256	1.91141256	1.91141256	1.91141256	1.91141256	1.91141256	1.96244226
68.25505915	1.90439533	1.90439533	1.90439533	1.90439533	1.90439533	1.90439533	1.90439533	1.90439533	1.90439533	1.90439533	1.94756881
68.36605703	1.89674497	1.89674497	1.89674497	1.89674497	1.89674497	1.89674497	1.89674497	1.89674497	1.89674497	1.89674497	1.93309989
68.47705490	1.88845889	1.88845889	1.88845889	1.88845889	1.88845889	1.88845889	1.88845889	1.88845889	1.88845889	1.88845889	1.92189285
68.58805278	1.87920321	1.87920321	1.87920321	1.87920321	1.87920321	1.87920321	1.87920321	1.87920321	1.87920321	1.87920321	1.91466715
68.69905065	1.86876357	1.86876357	1.86876357	1.86876357	1.86876357	1.86876357	1.86876357	1.86876357	1.86876357	1.86876357	1.91082192
68.81004853	1.85715331	1.85715331	1.85715331	1.85715331	1.85715331	1.85715331	1.85715331	1.85715331	1.85715331	1.85715331	1.90520293
68.92104641	1.84443299	1.84443299	1.84443299	1.84443299	1.84443299	1.84443299	1.84443299	1.84443299	1.84443299	1.84443299	1.90055579
69.03204428	1.83060261	1.83060261	1.83060261	1.83060261	1.83060261	1.83060261	1.83060261	1.83060261	1.83060261	1.83060261	1.89620618
69.14304216	1.81884680	1.81884680	1.81884680	1.81884680	1.81884680	1.81884680	1.81884680	1.81884680	1.81884680	1.81884680	1.89104081
69.25404003	1.80295478	1.80295478	1.80295478	1.80295478	1.80295478	1.80295478	1.80295478	1.80295478	1.80295478	1.80295478	1.88705804
69.36503791	1.78737417	1.78737417	1.78737417	1.78737417	1.78737417	1.78737417	1.78737417	1.78737417	1.78737417	1.78737417	1.88453711
69.47603579	1.77245046	1.77245046	1.77245046	1.77245046	1.77245046	1.77245046	1.77245046	1.77245046	1.77245046	1.77245046	1.88347803
69.58703366	1.75818365	1.75818365	1.75818365	1.75818365	1.75818365	1.75818365	1.75818365	1.75818365	1.75818365	1.75818365	1.88388080
69.69803154	1.74293025	1.74293025	1.74293025	1.74293025	1.74293025	1.74293025	1.74293025	1.74293025	1.74293025	1.74293025	1.88563288
69.80902941	1.72830070	1.72830070	1.72830070	1.72830070	1.72830070	1.72830070	1.72830070	1.72830070	1.72830070	1.72830070	1.88588949
69.92002729	1.71429498	1.71429498	1.71429498	1.71429498	1.71429498	1.71429498	1.71429498	1.71429498	1.71429498	1.71429498	1.88465064
70.03102517	1.70091618	1.70091618	1.70091618	1.70091618	1.70091618	1.70091618	1.70091618	1.70091618	1.70091618	1.70091618	1.88191634
70.14202304	1.68816687	1.68816687	1.68816687	1.68816687	1.68816687	1.68816687	1.68816687	1.68816687	1.68816687	1.68816687	1.87488969
70.25302092	1.67651784	1.67651784	1.67651784	1.67651784	1.67651784	1.67651784	1.67651784	1.67651784	1.67651784	1.67651784	1.86285126
70.36401879	1.66632067	1.66632067	1.66632067	1.66632067	1.66632067	1.66632067	1.66632067	1.66632067	1.66632067	1.66632067	1.84651380
70.47501667	1.65716442	1.65716442	1.65716442	1.65716442	1.65716442	1.65716442	1.65716442	1.65716442	1.65716442	1.65716442	1.83113433
70.58601455	1.64904910	1.64904910	1.64904910	1.64904910	1.64904910	1.64904910	1.64904910	1.64904910	1.64904910	1.64904910	1.81396726
70.69701242	1.64197471	1.64197471	1.64197471	1.64197471	1.64197471	1.64197471	1.64197471	1.64197471	1.64197471	1.64197471	1.79568689
70.80801030	1.63264254	1.63264254	1.63264254	1.63264254	1.63264254	1.63264254	1.63264254	1.63264254	1.63264254	1.63264254	1.77740652
70.91900818	1.62744725	1.62744725	1.62744725	1.62744725	1.62744725	1.62744725	1.62744725	1.62744725	1.62744725	1.62744725	1.75912615
71.03000605	1.62232827	1.62232827	1.62232827	1.62232827	1.62232827	1.62232827	1.62232827	1.62232827	1.62232827	1.62232827	1.74084578
71.14100393	1.61694008	1.61694008	1.61694008	1.61694008	1.61694008	1.61694008	1.61694008	1.61694008	1.61694008	1.61694008	1.72256541
71.25200180	1.61128268	1.61128268	1.61128268	1.61128268	1.61128268	1.61128268	1.61128268	1.61128268	1.61128268	1.61128268	1.71093974
71.36299968	1.60535607	1.60535607	1.60535607	1.60535607	1.60535607	1.60535607	1.60535607	1.60535607	1.60535607	1.60535607	1.69494100
71.47399756	1.59877157	1.59877157	1.59877157	1.59877157	1.59877157	1.59877157	1.59877157	1.59877157	1.59877157	1.59877157	1.67767064
71.58499543	1.59134906	1.59134906	1.59134906	1.59134906	1.59134906	1.59134906	1.59134906	1.59134906	1.59134906	1.59134906	1.66101033
71.69599331	1.58308853	1.58308853	1.58308853	1.58308853	1.58308853	1.58308853	1.58308853	1.58308853	1.58308853	1.58308853	1.64497590
71.80699118	1.57398999	1.57398999	1.57398999	1.57398999	1.57398999	1.57398999	1.57398999	1.57398999	1.57398999	1.57398999	1.62956733
71.91798906	1.56405343	1.56405343	1.56405343	1.56405343	1.56405343	1.56405343	1.56405343	1.56405343	1.56405343	1.56405343	1.61440585
72.02898694	1.55325040	1.55325040	1.55325040	1.55325040	1.55325040	1.55325040	1.55325040	1.55325040	1.55325040	1.55325040	1.60047708
72.13998481	1.54199179	1.54199179	1.54199179	1.54199179	1.54199179	1.54199179	1.54199179	1.54199179	1.54199179	1.54199179	1.58745558
72.25098269	1.53027762	1.53027762	1.53027762	1.53027762	1.53027762	1.53027762	1.53027762	1.53027762	1.53027762	1.53027762	1.57534134
72.36198056	1.51810788	1.51810788	1.51810788	1.51810788	1.51810788	1.51810788	1.51810788	1.51810788	1.51810788	1.51810788	1.56413437
72.47297844	1.50547495	1.50547495	1.50547495	1.50547495	1.50547495	1.50547495	1.50547495	1.50547495	1.50547495	1.50547495	1.55383467
72.58397632	1.49227322	1.49227322	1.49227322	1.49227322	1.49227322	1.49227322	1.49227322	1.49227322	1.49227322	1.49227322	1.54444224
72.69497419	1.47850267	1.47850267	1.47850267	1.47850267	1.47850267	1.47850267	1.47850267	1.47850267	1.47850267	1.47850267	1.53595708
72.80597207	1.46416333	1.46416333	1.46416333	1.46416333	1.46416333	1.46416333	1.46416333	1.46416333	1.46416333	1.46416333	1.52837675
72.91696994	1.44970933	1.44970933	1.44970933	1.44970933	1.44970933	1.44970933	1.44970933	1.44970933	1.44970933	1.44970933	1.51504136
73.02796782	1.43662972	1.43662972	1.43662972	1.43662972	1.43662972	1.43662972	1.43662972	1.43662972	1.43662972	1.43662972	1.50697865
73.13896570	1.43046340	1.43046340	1.43046340	1.43046340	1.43046340	1.43046340	1.43046340	1.43046340	1.43046340	1.43046340	1.50108720
73.24996357	1.41952246	1.41952246	1.41952246	1.41952246	1.41952246	1.41952246	1.41952246	1.41952246	1.41952246	1.41952246	1.49564516
73.36096145	1.41627208	1.41627208	1.41627208	1.41627208	1.41627208	1.41627208	1.41627208	1.41627208	1.41627208	1.41627208	1.49072706
73.47195932	1.40773353	1.40773353	1.40773353	1.40773353	1.40773353	1.40773353	1.40773353	1.40773353	1.40773353	1.40773353	1.48633289
73.58295720	1.41016468	1.41016468	1.41016468	1.41016468	1.41016468	1.41016468	1.41016468	1.41016468	1.41016468	1.41016468	1.48234122
73.69395508	1.41102017	1.41102017	1.41102017	1.41102017	1.41102017	1.41102017	1.41102017	1.41102017	1.41102017	1.41102017	1.47785617
73.80495295	1.41030001	1.41030001	1.41030001	1.41030001	1.41030001	1.41030001	1.41030001	1.41030001	1.41030001	1.41030001	1.47338219
73.91595083	1.40800420	1.40800420	1.40800420	1.40800420	1.40800420	1.40800420	1.40800420	1.40800420	1.40800420	1.40800420	1.46891929
74.02694870	1.40413274	1.40413274	1.40413274	1.40413274	1.40413274	1.40413274	1.40413274	1.40413274	1.40413274	1.40413274	1.46446747
74.13794658	1.39868563	1.39868563	1.39868563	1.39868563	1.39868563	1.39868563	1.39868563	1.39868563	1.39868563	1.39868563	1.46002672
74.24894446	1.39254555	1.39254555	1.39254555	1.39254555	1.39254555	1.39254555	1.39254555	1.39254555	1.39254555	1.39254555	1.45558237
74.35994233	1.38713611	1.38713611	1.38713611	1.38713611	1.38713611	1.38713611	1.38713611	1.38713611	1.38713611	1.38713611	1.45109963
74.47094021	1.38245732	1.38245732	1.38245732	1.38245732	1.38245732	1.38245732	1.38245732	1.38245732	1.38245732	1.38245732	1.44499691
74.58193808	1.37805502	1.37805502	1.37805502	1.37805502	1.37805502	1.37805502	1.37805502	1.37805502	1.37805502	1.37805502	1.43754742
74.69293596	1.37244017	1.37244017	1.37244017	1.37244017	1.37244017	1.37244017	1.37244017	1.37244017	1.37244017	1.37244017	1.42635568
74.80393384	1.36046256	1.36046256	1.36046256	1.36046256	1.36046256	1.36046256	1.36046256	1.36046256	1.36046256	1.36046256	1.41142167
74.91493171	1.35399021	1.35399021	1.35399021	1.35399021	1.35399021	1.35399021	1.35399021	1.35399021	1.35399021	1.35399021	1.39332118
75.02592959	1.34055795	1.34055795	1.34055795	1.34055795	1.34055795	1.34055795	1.34055795	1.34055795	1.34055795	1.34055795	1.37528601
75.13692746	1.33314452	1.33314452	1.33314452	1.33314452	1.33314452	1.33314452	1.33314452	1.33314452	1.33314452	1.33314452	1.36821784
75.24792534	1.31523158	1.31523158	1.31523158	1.31523158	1.31523158	1.31523158	1.31523158	1.31523158	1.31523158	1.31523158	1.36097654
75.35892322	1.29955088	1.29955088	1.29955088	1.29955088	1.29955088	1.29955088	1.29955088	1.29955088	1.29955088	1.29955088	1.34527852
75.46992109	1.28636238	1.28636238	1.28636238	1.28636238	1.28636238	1.28636238	1.28636238	1.28636238	1.28636238	1.28636238	1.33482658
75.58091897	1.27566610	1.27566610	1.27566610	1.27566610	1.27566610	1.27566610	1.27566610	1.27566610	1.27566610	1.27566610	1.31562064
75.69191685	1.26392620	1.26392620	1.26392620	1.26392620	1.26392620	1.26392620	1.26392620	1.26392620	1.26392620	1.26392620	1.30569753
75.80291472	1.24818179	1.24818179	1.24818179	1.24818179	1.24818179	1.24818179	1.24818179	1.24818179	1.24818179	1.24818179	1.28945985
75.91391260	1.23419769	1.23419769	1.23419769	1.23419769	1.23419769	1.23419769	1.23419769	1.23419769	1.23419769	1.23419769	1.27715859
76.02491047	1.22554297	1.22554297	1.22554297	1.22554297	1.22554297	1.22554297	1.22554297	1.22554297	1.22554297	1.22554297	1.26019407
76.13590835	1.21064077	1.21064077	1.21064077	1.21064077	1.21064077	1.21064077	1.21064077	1.21064077	1.21064077	1.21064077	1.24162415
76.24690623	1.19443174	1.19443174	1.19443174	1.19443174	1.19443174	1.19443174	1.19443174	1.19443174	1.19443174	1.19443174	1.22369652
76.35790410	1.17478456	1.17478456	1.17478456	1.17478456	1.17478456	1.17478456	1.17478456	1.17478456	1.17478456	1.17478456	1.21010307
76.46890198	1.15474479	1.15474479	1.15474479	1.15474479	1.15474479	1.15474479	1.15474479	1.15474479	1.15474479	1.15474479	1.19992514
76.57989985	1.13431244	1.13431244	1.13431244	1.13431244	1.13431244	1.13431244	1.13431244	1.13431244	1.13431244	1.13431244	1.19242712
76.69089773	1.11348751	1.11348751	1.11348751	1.11348751	1.11348751	1.11348751	1.11348751	1.11348751	1.11348751	1.11348751	1.18352370
76.80189561	1.09227000	1.09227000	1.09227000	1.09227000	1.09227000	1.09227000	1.09227000	1.09227000	1.09227000	1.09227000	1.16353491
76.91289348	1.07086635	1.07086635	1.07086635	1.07086635	1.07086635	1.07086635	1.07086635	1.07086635	1.07086635	1.07086635	1.14410108
77.02389136	1.04970760	1.04970760	1.04970760	1.04970760	1.04970760	1.04970760	1.04970760	1.04970760	1.04970760	1.04970760	1.13341608
77.13488923	1.02853374	1.02853374	1.02853374	1.02853374	1.02853374	1.02853374	1.02853374	1.02853374	1.02853374	1.02853374	1.11759808
77.24588711	1.00734480	1.00734480	1.00734480	1.00734480	1.00734480	1.00734480	1.00734480	1.00734480	1.00734480	1.00734480	1.11064717
77.35688499	0.98967658	0.98967658	0.98967658	0.98967658	0.98967658	0.98967658	0.98967658	0.98967658	0.98967658	0.98967658	1.09452651
77.46788286	0.97848999	0.97848999	0.97848999	0.97848999	0.97848999	0.97848999	0.97848999	0.97848999	0.97848999	0.97848999	1.08483351
77.57888074	0.96713754	0.96713754	0.96713754	0.96713754	0.96713754	0.96713754	0.96713754	0.96713754	0.96713754	0.96713754	1.07133183
77.68987861	0.95062652	0.95062652	0.95062652	0.95062652	0.95062652	0.95062652	0.95062652	0.95062652	0.95062652	0.95062652	1.06264544
77.80087649	0.94053380	0.94053380	0.94053380	0.94053380	0.94053380	0.94053380	0.94053380	0.94053380	0.94053380	0.94053380	1.05725339
77.91187437	0.93191873	0.93191873	0.93191873	0.93191873	0.93191873	0.93191873	0.93191873	0.93191873	0.93191873	0.93191873	1.05264002
78.02287224	0.92691263	0.92691263	0.92691263	0.92691263	0.92691263	0.92691263	0.92691263	0.92691263	0.92691263	0.92691263	1.04750892
78.13387012	0.92246994	0.92246994	0.92246994	0.92246994	0.92246994	0.92246994	0.92246994	0.92246994	0.92246994	0.92246994	1.04277875
78.24486799	0.91859064	0.91859064	0.91859064	0.91859064	0.91859064	0.91859064	0.91859064	0.91859064	0.91859064	0.91859064	1.03844949
78.35586587	0.91527475	0.91527475	0.91527475	0.91527475	0.91527475	0.91527475	0.91527475	0.91527475	0.91527475	0.91527475	1.03528432
78.46686375	0.91252226	0.91252226	0.91252226	0.91252226	0.91252226	0.91252226	0.91252226	0.91252226	0.91252226	0.91252226	1.03206154
78.57786162	0.91038717	0.91038717	0.91038717	0.91038717	0.91038717	0.91038717	0.91038717	0.91038717	0.91038717	0.91038717	1.02878115
78.68885950	0.90825208	0.90825208	0.90825208	0.90825208	0.90825208	0.90825208	0.90825208	0.90825208	0.90825208	0.90825208	1.02544315
78.79985737	0.90611698	0.90611698	0.90611698	0.90611698	0.90611698	0.90611698	0.90611698	0.90611698	0.90611698	0.90611698	1.02204754
78.91085525	0.90398189	0.90398189	0.90398189	0.90398189	0.90398189	0.90398189	0.90398189	0.90398189	0.90398189	0.90398189	1.01867049
79.02185313	0.90184680	0.90184680	0.90184680	0.90184680	0.90184680	0.90184680	0.90184680	0.90184680	0.90184680	0.90184680	1.01543759
79.13285100	0.89971170	0.89971170	0.89971170	0.89971170	0.89971170	0.89971170	0.89971170	0.89971170	0.89971170	0.89971170	1.01234886
79.24384888	0.89757661	0.89757661	0.89757661	0.89757661	0.89757661	0.89757661	0.89757661	0.89757661	0.89757661	0.89757661	1.00417174
79.35484675	0.89544152	0.89544152	0.89544152	0.89544152	0.89544152	0.89544152	0.89544152	0.89544152	0.89544152	0.89544152	0.98931613
79.46584463	0.89330642	0.89330642	0.89330642	0.89330642	0.89330642	0.89330642	0.89330642	0.89330642	0.89330642	0.89330642	0.96782910
79.57684251	0.89117133	0.89117133	0.89117133	0.89117133	0.89117133	0.89117133	0.89117133	0.89117133	0.89117133	0.89117133	0.94018560
79.68784038	0.88903624	0.88903624	0.88903624	0.88903624	0.88903624	0.88903624	0.88903624	0.88903624	0.88903624	0.88903624	0.91592001
79.79883826	0.88690114	0.88690114	0.88690114	0.88690114	0.88690114	0.88690114	0.88690114	0.88690114	0.88690114	0.88690114	0.89128467
79.90983613	0.86627958	0.88476605	0.88476605	0.88476605	0.88476605	0.88476605	0.88476605	0.88476605	0.88476605	0.88476605	0.88476605
80.02083401	0.86139626	0.88263096	0.88263096	0.88263096	0.88263096	0.88263096	0.88263096	0.88263096	0.88263096	0.88263096	0.88263096
80.13183189	0.84603742	0.88049587	0.88049587	0.88049587	0.88049587	0.88049587	0.88049587	0.88049587	0.88049587	0.88049587	0.88049587
80.24282976	0.81953820	0.87836077	0.87836077	0.87836077	0.87836077	0.87836077	0.87836077	0.87836077	0.87836077	0.87836077	0.87836077
80.35382764	0.81572777	0.87622568	0.87622568	0.87622568	0.87622568	0.87622568	0.87622568	0.87622568	0.87622568	0.87622568	0.87622568
80.46482552	0.80952198	0.87409059	0.87409059	0.87409059	0.87409059	0.87409059	0.87409059	0.87409059	0.87409059	0.87409059	0.87409059
80.57582339	0.80302025	0.87195549	0.87195549	0.87195549	0.87195549	0.87195549	0.87195549	0.87195549	0.87195549	0.87195549	0.87195549
80.68682127	0.79504119	0.86982040	0.86982040	0.86982040	0.86982040	0.86982040	0.86982040	0.86982040	0.86982040	0.86982040	0.86982040
80.79781914	0.78655679	0.86657230	0.86657230	0.86657230	0.86657230	0.86657230	0.86657230	0.86657230	0.86657230	0.86657230	0.86657230
80.90881702	0.77372445	0.86192431	0.86192431	0.86192431	0.86192431	0.86192431	0.86192431	0.86192431	0.86192431	0.86192431	0.86192431
81.01981490	0.77402474	0.85587644	0.85587644	0.85587644	0.85587644	0.85587644	0.85587644	0.85587644	0.85587644	0.85587644	0.85587644
81.13081277	0.77829272	0.84842868	0.84842868	0.84842868	0.84842868	0.84842868	0.84842868	0.84842868	0.84842868	0.84842868	0.84842868
81.24181065	0.77332031	0.83958104	0.83958104	0.83958104	0.83958104	0.83958104	0.83958104	0.83958104	0.83958104	0.83958104	0.83958104
81.35280852	0.76387837	0.82933351	0.82933351	0.82933351	0.82933351	0.82933351	0.82933351	0.82933351	0.82933351	0.82933351	0.82933351
81.46380640	0.75449977	0.81768609	0.81768609	0.81768609	0.81768609	0.81768609	0.81768609	0.81768609	0.81768609	0.81768609	0.81768609
81.57480428	0.74567082	0.80527160	0.80527160	0.80527160	0.80527160	0.80527160	0.80527160	0.80527160	0.80527160	0.80527160	0.80527160
81.68580215	0.71690001	0.79328053	0.79328053	0.79328053	0.79328053	0.79328053	0.79328053	0.79328053	0.79328053	0.79328053	0.79328053
81.79680003	0.69878462	0.78216628	0.78216628	0.78216628	0.78216628	0.78216628	0.78216628	0.78216628	0.78216628	0.78216628	0.78216628
81.90779790	0.69164516	0.77511500	0.77511500	0.77511500	0.77511500	0.77511500	0.77511500	0.77511500	0.77511500	0.77511500	0.77511500
82.01879578	0.65968959	0.73618170	0.73618170	0.73618170	0.73618170	0.73618170	0.73618170	0.73618170	0.73618170	0.73618170	0.73618170
82.12979366	0.62800204	0.70376200	0.70376200	0.70376200	0.70376200	0.70376200	0.70376200	0.70376200	0.70376200	0.70376200	0.70376200
82.24079153	0.59440695	0.67936000	0.67936000	0.67936000	0.67936000	0.67936000	0.67936000	0.67936000	0.67936000	0.67936000	0.67936000
82.35178941	0.55996010	0.66297570	0.66297570	0.66297570	0.66297570	0.66297570	0.66297570	0.66297570	0.66297570	0.66297570	0.66297570
82.46278728	0.52368948	0.63961066	0.63961066	0.63961066	0.63961066	0.63961066	0.63961066	0.63961066	0.63961066	0.63961066	0.63961066
82.57378516	0.49467024	0.60498779	0.60498779	0.60498779	0.60498779	0.60498779	0.60498779	0.60498779	0.60498779	0.60498779	0.60498779
82.68478304	0.46827501	0.57925658	0.57925658	0.57925658	0.57925658	0.57925658	0.57925658	0.57925658	0.57925658	0.57925658	0.57925658
82.79578091	0.44819746	0.56475647	0.56475647	0.56475647	0.56475647	0.56475647	0.56475647	0.56475647	0.56475647	0.56475647	0.56475647
82.90677879	0.43694908	0.54828133	0.54828133	0.54828133	0.54828133	0.54828133	0.54828133	0.54828133	0.54828133	0.54828133	0.54828133
83.01777666	0.42846862	0.51891678	0.51891678	0.51891678	0.51891678	0.51891678	0.51891678	0.51891678	0.51891678	0.51891678	0.51891678
83.12877454	0.41826383	0.48818150	0.48818150	0.48818150	0.48818150	0.48818150	0.48818150	0.48818150	0.48818150	0.48818150	0.48818150
83.23977242	0.40800823	0.46111067	0.46111067	0.46111067	0.46111067	0.46111067	0.46111067	0.46111067	0.46111067	0.46111067	0.46111067
83.35077029	0.39693258	0.44046876	0.44046876	0.44046876	0.44046876	0.44046876	0.44046876	0.44046876	0.44046876	0.44046876	0.44046876
83.46176817	0.38627492	0.42580237	0.42580237	0.42580237	0.42580237	0.42580237	0.42580237	0.42580237	0.42580237	0.42580237	0.42580237
83.57276604	0.37526258	0.41169101	0.41169101	0.41169101	0.41169101	0.41169101	0.41169101	0.41169101	0.41169101	0.41169101	0.41169101
83.68376392	0.36585843	0.42050318	0.42050318	0.42050318	0.42050318	0.42050318	0.42050318	0.42050318	0.42050318	0.42050318	0.42050318
83.79476180	0.35806248	0.43018149	0.43018149	0.43018149	0.43018149	0.43018149	0.43018149	0.43018149	0.43018149	0.43018149	0.43018149
83.90575967	0.35187473	0.43624688	0.43624688	0.43624688	0.43624688	0.43624688	0.43624688	0.43624688	0.43624688	0.43624688	0.43624688
84.01675755	0.34729517	0.43376159	0.43376159	0.43376159	0.43376159	0.43376159	0.43376159	0.43376159	0.43376159	0.43376159	0.43376159
84.12775542	0.34432381	0.42600076	0.42600076	0.42600076	0.42600076	0.42600076	0.42600076	0.42600076	0.42600076	0.42600076	0.42600076
84.23875330	0.34296064	0.41639094	0.41639094	0.41639094	0.41639094	0.41639094	0.41639094	0.41639094	0.41639094	0.41639094	0.41639094
84.34975118	0.33195312	0.39895757	0.39895757	0.39895757	0.39895757	0.39895757	0.39895757	0.39895757	0.39895757	0.39895757	0.39895757
84.46074905	0.31677254	0.35567300	0.35567300	0.35567300	0.35567300	0.35567300	0.35567300	0.35567300	0.35567300	0.35567300	0.35567300
84.57174693	0.30765343	0.34524861	0.34524861	0.34524861	0.34524861	0.34524861	0.34524861	0.34524861	0.34524861	0.34524861	0.34524861
84.68274480	0.29670292	0.33561990	0.33561990	0.33561990	0.33561990	0.33561990	0.33561990	0.33561990	0.33561990	0.33561990	0.33561990
84.79374268	0.28762800	0.32871005	0.32871005	0.32871005	0.32871005	0.32871005	0.32871005	0.32871005	0.32871005	0.32871005	0.32871005
84.90474056	0.27826885	0.31885107	0.31885107	0.31885107	0.31885107	0.31885107	0.31885107	0.31885107	0.31885107	0.31885107	0.31885107
85.01573843	0.26939472	0.32018331	0.32018331	0.32018331	0.32018331	0.32018331	0.32018331	0.32018331	0.32018331	0.32018331	0.32018331
85.12673631	0.25976756	0.31698437	0.31698437	0.31698437	0.31698437	0.31698437	0.31698437	0.31698437	0.31698437	0.31698437	0.31698437
85.23773419	0.25050441	0.30535459	0.30535459	0.30535459	0.30535459	0.30535459	0.30535459	0.30535459	0.30535459	0.30535459	0.30535459
85.34873206	0.24173974	0.30387916	0.30387916	0.30387916	0.30387916	0.30387916	0.30387916	0.30387916	0.30387916	0.30387916	0.30387916
85.45972994	0.23357176	0.28804346	0.28804346	0.28804346	0.28804346	0.28804346	0.28804346	0.28804346	0.28804346	0.28804346	0.28804346
85.57072781	0.22600047	0.27909344	0.27909344	0.27909344	0.27909344	0.27909344	0.27909344	0.27909344	0.27909344	0.27909344	0.27909344
85.68172569	0.21902587	0.26800315	0.26800315	0.26800315	0.26800315	0.26800315	0.26800315	0.26800315	0.26800315	0.26800315	0.26800315
85.79272357	0.21264797	0.26101006	0.26101006	0.26101006	0.26101006	0.26101006	0.26101006	0.26101006	0.26101006	0.26101006	0.26101006
85.90372144	0.20686676	0.23790240	0.23790240	0.23790240	0.23790240	0.23790240	0.23790240	0.23790240	0.23790240	0.23790240	0.23790240
86.01471932	0.20168224	0.24687159	0.24687159	0.24687159	0.24687159	0.24687159	0.24687159	0.24687159	0.24687159	0.24687159	0.24687159
86.12571719	0.19713989	0.25754821	0.25754821	0.25754821	0.25754821	0.25754821	0.25754821	0.25754821	0.25754821	0.25754821	0.25754821
86.23671507	0.19325351	0.23811907	0.23811907	0.23811907	0.23811907	0.23811907	0.23811907	0.23811907	0.23811907	0.23811907	0.23811907
86.34771295	0.18967204	0.23170358	0.23170358	0.23170358	0.23170358	0.23170358	0.23170358	0.23170358	0.23170358	0.23170358	0.23170358
86.45871082	0.18613089	0.22485988	0.22485988	0.22485988	0.22485988	0.22485988	0.22485988	0.22485988	0.22485988	0.22485988	0.22485988
86.56970870	0.18254840	0.21168780	0.21168780	0.21168780	0.21168780	0.21168780	0.21168780	0.21168780	0.21168780	0.21168780	0.21168780
86.68070657	0.17334302	0.17334302	0.17334302	0.17334302	0.17334302	0.17334302	0.17334302	0.17334302	0.17334302	0.17334302	0.17859435
86.79170445	0.13533326	0.13533326	0.13533326	0.13533326	0.13533326	0.13533326	0.13533326	0.13533326	0.13533326	0.13533326	0.17260076
86.90270233	0.10379254	0.10379254	0.10379254	0.10379254	0.10379254	0.10379254	0.10379254	0.10379254	0.10379254	0.10379254	0.15763721
87.01370020	0.07371214	0.07371214	0.07371214	0.07371214	0.07371214	0.07371214	0.07371214	0.07371214	0.07371214	0.07371214	0.13356924
87.12469808	0.05326847	0.05326847	0.05326847	0.05326847	0.05326847	0.05326847	0.05326847	0.05326847	0.05326847	0.05326847	0.10236258
87.23569595	0.01240266	0.01240266	0.01240266	0.01240266	0.01240266	0.01240266	0.01240266	0.01240266	0.01240266	0.01240266	0.06537233
87.34669383	-0.02495048	-0.02495048	-0.02495048	-0.02495048	-0.02495048	-0.02495048	-0.02495048	-0.02495048	-0.02495048	-0.02495048	0.04249131
87.45769171	-0.05219214	-0.05219214	-0.05219214	-0.05219214	-0.05219214	-0.05219214	-0.05219214	-0.05219214	-0.05219214	-0.05219214	0.01779161
87.56868958	-0.04797312	-0.04797312	-0.04797312	-0.04797312	-0.04797312	-0.04797312	-0.04797312	-0.04797312	-0.04797312	-0.04797312	-0.01732862
87.67968746	-0.07465976	-0.07465976	-0.07465976	-0.07465976	-0.07465976	-0.07465976	-0.07465976	-0.07465976	-0.07465976	-0.07465976	-0.04312064
87.79068533	-0.08619443	-0.08619443	-0.08619443	-0.08619443	-0.08619443	-0.08619443	-0.08619443	-0.08619443	-0.08619443	-0.08619443	-0.05938950
87.90168321	-0.09626920	-0.09626920	-0.09626920	-0.09626920	-0.09626920	-0.09626920	-0.09626920	-0.09626920	-0.09626920	-0.09626920	-0.06666249
88.01268109	-0.10502459	-0.10502459	-0.10502459	-0.10502459	-0.10502459	-0.10502459	-0.10502459	-0.10502459	-0.10502459	-0.10502459	-0.07554034
88.12367896	-0.11246062	-0.11246062	-0.11246062	-0.11246062	-0.11246062	-0.11246062	-0.11246062	-0.11246062	-0.11246062	-0.11246062	-0.08575848
88.23467684	-0.11330237	-0.11330237	-0.11330237	-0.11330237	-0.11330237	-0.11330237	-0.11330237	-0.11330237	-0.11330237	-0.11330237	-0.09723524
88.34567471	-0.10964039	-0.10910755	-0.10910755	-0.10910755	-0.10910755	-0.10910755	-0.10910755	-0.10910755	-0.10910755	-0.10910755	-0.10910755
88.45667259	-0.11554178	-0.10701115	-0.10701115	-0.10701115	-0.10701115	-0.10701115	-0.10701115	-0.10701115	-0.10701115	-0.10701115	-0.10701115
88.56767047	-0.11384904	-0.10701317	-0.10701317	-0.10701317	-0.10701317	-0.10701317	-0.10701317	-0.10701317	-0.10701317	-0.10701317	-0.10701317
88.67866834	-0.10952905	-0.10952905	-0.10952905	-0.10952905	-0.10952905	-0.10952905	-0.10952905	-0.10952905	-0.10952905	-0.10952905	-0.10278635
88.78966622	-0.11455878	-0.11455878	-0.11455878	-0.11455878	-0.11455878	-0.11455878	-0.11455878	-0.11455878	-0.11455878	-0.11455878	-0.08441764
88.90066409	-0.11031449	-0.11031449	-0.11031449	-0.11031449	-0.11031449	-0.11031449	-0.11031449	-0.11031449	-0.11031449	-0.11031449	-0.06009804
89.01166197	-0.10676727	-0.10676727	-0.10676727	-0.10676727	-0.10676727	-0.10676727	-0.10676727	-0.10676727	-0.10676727	-0.10676727	-0.04972035
89.12265985	-0.10391712	-0.10391712	-0.10391712	-0.10391712	-0.10391712	-0.10391712	-0.10391712	-0.10391712	-0.10391712	-0.10391712	-0.03735667
89.23365772	-0.10176403	-0.10176403	-0.10176403	-0.10176403	-0.10176403	-0.10176403	-0.10176403	-0.10176403	-0.10176403	-0.10176403	-0.01440515
89.34465560	-0.10030802	-0.10030802	-0.10030802	-0.10030802	-0.10030802	-0.10030802	-0.10030802	-0.10030802	-0.10030802	-0.10030802	-0.00061452
