# R	vm0	vstd0
58.97213385	0.01647166	0.00901195
59.08170569	0.01675769	0.00853203
59.19127753	0.01693392	0.00809086
59.30084937	0.01747031	0.00775215
59.41042121	0.01775204	0.00749341
59.51999305	0.01810440	0.00731799
59.62956489	0.01898360	0.00728469
59.73913673	0.01998168	0.00740597
59.84870857	0.02128315	0.00757409
59.95828041	0.02269594	0.00771913
60.06785225	0.02324690	0.00785235
60.17742410	0.02411995	0.00792833
60.28699594	0.02428858	0.00799369
60.39656778	0.02478428	0.00802312
60.50613962	0.02576645	0.00806590
60.61571146	0.02648447	0.00798505
60.72528330	0.02699529	0.00790929
60.83485514	0.02754907	0.00783716
60.94442698	0.02775795	0.00781887
61.05399882	0.02823673	0.00775759
61.16357066	0.02866012	0.00759219
61.27314250	0.02857190	0.00744209
61.38271434	0.02838005	0.00734458
61.49228618	0.02790005	0.00725200
61.60185802	0.02731445	0.00721283
61.71142986	0.02764413	0.00724069
61.82100170	0.02752252	0.00734284
61.93057354	0.02800274	0.00750119
62.04014538	0.02814493	0.00761404
62.14971722	0.02777985	0.00780314
62.25928906	0.02763935	0.00787932
62.36886090	0.02766650	0.00794423
62.47843274	0.02772118	0.00799670
62.58800458	0.02768001	0.00804878
62.69757642	0.02731786	0.00805559
62.80714826	0.02701757	0.00804510
62.91672010	0.02762260	0.00800806
63.02629194	0.02784051	0.00790634
63.13586378	0.02825523	0.00774977
63.24543562	0.02812616	0.00755774
63.35500746	0.02747702	0.00733038
63.46457930	0.02684221	0.00706631
63.57415114	0.02600684	0.00682395
63.68372298	0.02532818	0.00657490
63.79329482	0.02493270	0.00632967
63.90286666	0.02459832	0.00612996
64.01243850	0.02432504	0.00595766
64.12201034	0.02409283	0.00582318
64.23158218	0.02394305	0.00566678
64.34115403	0.02410079	0.00550381
64.45072587	0.02418325	0.00532869
64.56029771	0.02334641	0.00513104
64.66986955	0.02288166	0.00498422
64.77944139	0.02220503	0.00484596
64.88901323	0.02205714	0.00478699
64.99858507	0.02236656	0.00482778
65.10815691	0.02254852	0.00489544
65.21772875	0.02288302	0.00499037
65.32730059	0.02312031	0.00516600
65.43687243	0.02312765	0.00539992
65.54644427	0.02312492	0.00568893
65.65601611	0.02311210	0.00597795
65.76558795	0.02308922	0.00625916
65.87515979	0.02305625	0.00654145
65.98473163	0.02301322	0.00678838
66.09430347	0.02296010	0.00699253
66.20387531	0.02289743	0.00713613
66.31344715	0.02282630	0.00721701
66.42301899	0.02274670	0.00726005
66.53259083	0.02265863	0.00726766
66.64216267	0.02256210	0.00724801
66.75173451	0.02245710	0.00716619
66.86130635	0.02235090	0.00705030
66.97087819	0.02212650	0.00692540
67.08045003	0.02188446	0.00679743
67.19002187	0.02163229	0.00667974
67.29959371	0.02137158	0.00656209
67.40916555	0.02109892	0.00645300
67.51873739	0.02080398	0.00637827
67.62830923	0.02051050	0.00633074
67.73788107	0.02024055	0.00627052
67.84745291	0.01999414	0.00618806
67.95702475	0.01977125	0.00608016
68.06659659	0.01940753	0.00594724
68.17616843	0.01909868	0.00579616
68.28574027	0.01884672	0.00564783
68.39531211	0.01854036	0.00554978
68.50488396	0.01822466	0.00548965
68.61445580	0.01808490	0.00544083
68.72402764	0.01807979	0.00538260
68.83359948	0.01820616	0.00536247
68.94317132	0.01846725	0.00534999
69.05274316	0.01886648	0.00532871
69.16231500	0.01925276	0.00532810
69.27188684	0.01967597	0.00539773
69.38145868	0.02042685	0.00555022
69.49103052	0.02085684	0.00569425
69.60060236	0.02124081	0.00581790
69.71017420	0.02174305	0.00598536
69.81974604	0.02213603	0.00610632
69.92931788	0.02238571	0.00621062
70.03888972	0.02266296	0.00630317
70.14846156	0.02291001	0.00640965
70.25803340	0.02303408	0.00653533
70.36760524	0.02308153	0.00658805
70.47717708	0.02326716	0.00656481
70.58674892	0.02358613	0.00655608
70.69632076	0.02328876	0.00651848
70.80589260	0.02326578	0.00649234
70.91546444	0.02344359	0.00653753
71.02503628	0.02327804	0.00661061
71.13460812	0.02359272	0.00670506
71.24417996	0.02339796	0.00670260
71.35375180	0.02269384	0.00671999
71.46332364	0.02250394	0.00671630
71.57289548	0.02164483	0.00665532
71.68246732	0.02041155	0.00660919
71.79203916	0.01925432	0.00655746
71.90161100	0.01822738	0.00653209
72.01118284	0.01723139	0.00652384
72.12075468	0.01597713	0.00657504
72.23032652	0.01460686	0.00658260
72.33989836	0.01383688	0.00650313
72.44947020	0.01292753	0.00651004
72.55904204	0.01187880	0.00654378
72.66861388	0.01092205	0.00662039
72.77818573	0.00988221	0.00662822
72.88775757	0.00947411	0.00662037
72.99732941	0.00969775	0.00665447
73.10690125	0.00956115	0.00672766
73.21647309	0.01027926	0.00673163
73.32604493	0.01149746	0.00672856
73.43561677	0.01277100	0.00669022
73.54518861	0.01404969	0.00663679
73.65476045	0.01533224	0.00658755
73.76433229	0.01669090	0.00649517
73.87390413	0.01796037	0.00640827
73.98347597	0.01918495	0.00627280
74.09304781	0.02033309	0.00613689
74.20261965	0.02141111	0.00604493
74.31219149	0.02241903	0.00593416
74.42176333	0.02335683	0.00578890
74.53133517	0.02422451	0.00562716
74.64090701	0.02502057	0.00546116
74.75047885	0.02574501	0.00529941
74.86005069	0.02626228	0.00515386
74.96962253	0.02665067	0.00501404
75.07919437	0.02660983	0.00492379
75.18876621	0.02617644	0.00490045
75.29833805	0.02535183	0.00489792
75.40790989	0.02442998	0.00495932
75.51748173	0.02351870	0.00503947
75.62705357	0.02370191	0.00517724
75.73662541	0.02266290	0.00542941
75.84619725	0.02237571	0.00575774
75.95576909	0.02211268	0.00607474
76.06534093	0.02138563	0.00643835
76.17491277	0.02110771	0.00684065
76.28448461	0.02028994	0.00728124
76.39405645	0.01988058	0.00775106
76.50362829	0.01916347	0.00817540
76.61320013	0.01814093	0.00860491
76.72277197	0.01732764	0.00904144
76.83234381	0.01697085	0.00944699
76.94191566	0.01691971	0.00983193
77.05148750	0.01688023	0.01015678
77.16105934	0.01676764	0.01042630
77.27063118	0.01542970	0.01065948
77.38020302	0.01532521	0.01091271
77.48977486	0.01447383	0.01107011
77.59934670	0.01360320	0.01118270
77.70891854	0.01320151	0.01130612
77.81849038	0.01235561	0.01140418
77.92806222	0.01205599	0.01148705
78.03763406	0.01135457	0.01158645
78.14720590	0.01110359	0.01162129
78.25677774	0.01122245	0.01161766
78.36634958	0.01149146	0.01164549
78.47592142	0.01164705	0.01161334
78.58549326	0.01184005	0.01148609
78.69506510	0.01207048	0.01136443
78.80463694	0.01233832	0.01124494
78.91420878	0.01270107	0.01107165
79.02378062	0.01305843	0.01081547
79.13335246	0.01341042	0.01053503
79.24292430	0.01375703	0.01024828
79.35249614	0.01409826	0.00990759
79.46206798	0.01443412	0.00952157
79.57163982	0.01508883	0.00912448
79.68121166	0.01609087	0.00875876
79.79078350	0.01744023	0.00835660
79.90035534	0.01865832	0.00790404
80.00992718	0.01932805	0.00749061
80.11949902	0.01851167	0.00715821
80.22907086	0.01813502	0.00683632
80.33864270	0.01778441	0.00655536
80.44821454	0.01848248	0.00631331
80.55778638	0.02005705	0.00612149
80.66735822	0.02088662	0.00595324
80.77693006	0.02264807	0.00584771
80.88650190	0.02400579	0.00576993
80.99607374	0.02377590	0.00577982
81.10564559	0.02470847	0.00581909
81.21521743	0.02568683	0.00588824
81.32478927	0.02657676	0.00598212
81.43436111	0.02693359	0.00617654
81.54393295	0.02731306	0.00642107
81.65350479	0.02712672	0.00662673
81.76307663	0.02964563	0.00683265
81.87264847	0.03116912	0.00698710
81.98222031	0.03215268	0.00710002
82.09179215	0.03184272	0.00717159
82.20136399	0.03052298	0.00722498
82.31093583	0.02992964	0.00725653
82.42050767	0.02838584	0.00728743
82.53007951	0.02732795	0.00735617
82.63965135	0.02798160	0.00735675
82.74922319	0.02745264	0.00732861
82.85879503	0.02637119	0.00718796
82.96836687	0.02481816	0.00692609
83.07793871	0.02322750	0.00669539
83.18751055	0.02152208	0.00644359
83.29708239	0.02071280	0.00621753
83.40665423	0.01846636	0.00603213
83.51622607	0.01742627	0.00589314
83.62579791	0.01730343	0.00572629
83.73536975	0.01734601	0.00555527
83.84494159	0.01673642	0.00539259
83.95451343	0.01634754	0.00529088
84.06408527	0.01609854	0.00519055
84.17365711	0.01556687	0.00509021
84.28322895	0.01496122	0.00496573
84.39280079	0.01441828	0.00485183
84.50237263	0.01400990	0.00479353
84.61194447	0.01376096	0.00475489
84.72151631	0.01368215	0.00477636
84.83108815	0.01377347	0.00483511
84.94065999	0.01403492	0.00490317
85.05023183	0.01446650	0.00499441
85.15980367	0.01420255	0.00514961
85.26937551	0.01348722	0.00533051
85.37894736	0.01278901	0.00554472
85.48851920	0.01279682	0.00573682
85.59809104	0.01253706	0.00592207
85.70766288	0.01211452	0.00612827
85.81723472	0.01185227	0.00634050
85.92680656	0.01149991	0.00649808
86.03637840	0.01107242	0.00662086
86.14595024	0.01067312	0.00672172
86.25552208	0.01030202	0.00681304
86.36509392	0.00996984	0.00687903
86.47466576	0.00968758	0.00692274
86.58423760	0.00952309	0.00695639
86.69380944	0.00948726	0.00697783
86.80338128	0.00948333	0.00697573
86.91295312	0.00951447	0.00695495
87.02252496	0.00965660	0.00686938
87.13209680	0.00990483	0.00676434
87.24166864	0.01025156	0.00667703
87.35124048	0.01066261	0.00661416
87.46081232	0.01112479	0.00660102
87.57038416	0.01160646	0.00657568
87.67995600	0.01210004	0.00653523
87.78952784	0.01259236	0.00660836
87.89909968	0.01308341	0.00682996
88.00867152	0.01356246	0.00715723
88.11824336	0.01401853	0.00760771
88.22781520	0.01438376	0.00816335
88.33738704	0.01464726	0.00874489
88.44695888	0.01490277	0.00938853
