# 	phi_year_0	phi_year_1
59.48622694	2.81061889	2.97533546
59.58983196	2.80234108	2.96991793
59.69343698	2.79295699	2.96229624
59.79704199	2.78246663	2.95716976
59.90064701	2.77087000	2.94839042
60.00425203	2.75480450	2.93584852
60.10785704	2.73221902	2.92205501
60.21146206	2.70968585	2.90950268
60.31506708	2.68536007	2.89819154
60.41867210	2.65970204	2.88666143
60.52227711	2.63271174	2.86518077
60.62588213	2.60671931	2.84791879
60.72948715	2.58513687	2.82802270
60.83309216	2.56081836	2.80866112
60.93669718	2.53128961	2.78895414
61.04030220	2.50437643	2.76922114
61.14390721	2.47950927	2.74946213
61.24751223	2.45491805	2.73040879
61.35111725	2.43060279	2.70818231
61.45472227	2.40656347	2.68893077
61.55832728	2.38616270	2.67276385
61.66193230	2.37145158	2.65717062
61.76553732	2.35585783	2.63965829
61.86914233	2.34122636	2.62022684
61.97274735	2.32755717	2.60070165
62.07635237	2.31437297	2.59081432
62.17995739	2.30117041	2.57639559
62.28356240	2.28427089	2.56429828
62.38716742	2.26990445	2.55135374
62.49077244	2.26126244	2.53906090
62.59437745	2.25102621	2.52741975
62.69798247	2.23976531	2.51643029
62.80158749	2.22904959	2.50626140
62.90519250	2.21871092	2.49551099
63.00879752	2.20874932	2.48192796
63.11240254	2.19916477	2.46934045
63.21600756	2.18995729	2.46618333
63.31961257	2.18112687	2.45953193
63.42321759	2.17267350	2.45522577
63.52682261	2.16459720	2.44585885
63.63042762	2.15667874	2.43144889
63.73403264	2.14902571	2.41744782
63.83763766	2.14378721	2.40385564
63.94124267	2.13739057	2.39067234
64.04484769	2.12857097	2.37789794
64.14845271	2.11954926	2.36553242
64.25205773	2.11032542	2.35357579
64.35566274	2.10109972	2.34202805
64.45926776	2.09204024	2.33147073
64.56287278	2.08314699	2.32415491
64.66647779	2.07441998	2.31625245
64.77008281	2.06586440	2.29932849
64.87368783	2.05749115	2.28630772
64.97729284	2.04930023	2.27135057
65.08089786	2.04129164	2.26186309
65.18450288	2.03416189	2.25782753
65.28810790	2.02830674	2.25379196
65.39171291	2.02092618	2.24975640
65.49531793	2.01451773	2.24572084
65.59892295	2.01040877	2.24168528
65.70252796	2.00640056	2.23764971
65.80613298	2.00249311	2.23361415
65.90973800	1.99868642	2.22957859
66.01334302	1.99498048	2.22554302
66.11694803	1.99137530	2.22150746
66.22055305	1.98787088	2.21747190
66.32415807	1.98446200	2.21343634
66.42776308	1.98113778	2.20940077
66.53136810	1.97789821	2.20536521
66.63497312	1.97474331	2.20132965
66.73857813	1.97167306	2.19729409
66.84218315	1.96868748	2.19325852
66.94578817	1.96571392	2.18922296
67.04939319	1.96259574	2.18386078
67.15299820	1.95927039	2.17811496
67.25660322	1.95566263	2.17198552
67.36020824	1.95175661	2.16547245
67.46381325	1.94758655	2.15857575
67.56741827	1.94325558	2.15129541
67.67102329	1.93852644	2.14363145
67.77462830	1.93317834	2.13558386
67.87823332	1.92721128	2.12715264
67.98183834	1.92062526	2.11833779
68.08544336	1.91506397	2.10913931
68.18904837	1.90891457	2.09990133
68.29265339	1.90217707	2.09064431
68.39625841	1.89484950	2.08025312
68.49986342	1.88700119	2.06924779
68.60346844	1.87857785	2.05942685
68.70707346	1.86904941	2.04984733
68.81067847	1.85846901	2.04053065
68.91428349	1.84685248	2.03152502
69.01788851	1.83416562	2.02283045
69.12149353	1.82191937	2.01444694
69.22509854	1.80961477	2.00637449
69.32870356	1.79434464	1.99861309
69.43230858	1.77946822	1.98803661
69.53591359	1.76498552	1.97739362
69.63951861	1.74925285	1.96668331
69.74312363	1.73388304	1.95524329
69.84672864	1.71919603	1.94305311
69.95033366	1.70459827	1.93122790
70.05393868	1.69009307	1.91919315
70.15754370	1.67589135	1.90623214
70.26114871	1.66152959	1.89234489
70.36475373	1.64483840	1.87750996
70.46835875	1.62581778	1.86167913
70.57196376	1.61196484	1.84485241
70.67556878	1.59437195	1.82702979
70.77917380	1.57377535	1.80821128
70.88277882	1.55561646	1.78839688
70.98638383	1.53478549	1.77071271
71.08998885	1.51843062	1.75241022
71.19359387	1.50655185	1.73349022
71.29719888	1.49719026	1.72222969
71.40080390	1.48920905	1.70565736
71.50440892	1.48320375	1.68731928
71.60801393	1.47695689	1.66950004
71.71161895	1.47019116	1.65246497
71.81522397	1.46390019	1.63621407
71.91882899	1.46025334	1.62002462
72.02243400	1.45925061	1.60531926
72.12603902	1.45339492	1.59176376
72.22964404	1.44997978	1.57925509
72.33324905	1.44900520	1.56779324
72.43685407	1.44815772	1.55737821
72.54045909	1.44918788	1.54801001
72.64406410	1.44494751	1.53968862
72.74766912	1.43543660	1.53241407
72.85127414	1.42261408	1.51822561
72.95487916	1.40729680	1.51008938
73.05848417	1.38948474	1.50445932
73.16208919	1.37139538	1.49910534
73.26569421	1.35358863	1.49408554
73.36929922	1.33623243	1.48955479
73.47290424	1.31932678	1.48623578
73.57650926	1.30287168	1.48247538
73.68011427	1.28650869	1.47835819
73.78371929	1.27085716	1.47418806
73.88732431	1.25591712	1.47002827
73.99092933	1.24168854	1.46587881
74.09453434	1.22817144	1.46173970
74.19813936	1.21536581	1.45761092
74.30174438	1.20327165	1.45347734
74.40534939	1.19185982	1.44930991
74.50895441	1.18108430	1.44370710
74.61255943	1.17094508	1.43745181
74.71616445	1.16144217	1.42754042
74.81976946	1.15229296	1.41405736
74.92337448	1.14332950	1.39684777
75.02697950	1.13455180	1.37885159
75.13058451	1.12595985	1.36114689
75.23418953	1.11793993	1.35495903
75.33779455	1.10997638	1.33660542
75.44139956	1.10206920	1.32582627
75.54500458	1.09421840	1.31534515
75.64860960	1.08642398	1.30028025
75.75221462	1.07868593	1.28976302
75.85581963	1.07100425	1.27390362
75.95942465	1.06340810	1.26221393
76.06302967	1.05594349	1.24757822
76.16663468	1.04861042	1.23001968
76.27023970	1.04140890	1.21468527
76.37384472	1.03433892	1.20404740
76.47744973	1.02740048	1.19659757
76.58105475	1.02059358	1.18939585
76.68465977	1.01391823	1.18159467
76.78826479	1.00734661	1.16164359
76.89186980	1.00077498	1.15402709
76.99547482	0.99420335	1.13894167
77.09907984	0.98763172	1.12366377
77.20268485	0.98106010	1.11307521
77.30628987	0.97448847	1.09804453
77.40989489	0.96791684	1.08847671
77.51349990	0.96134522	1.07489091
77.61710492	0.95477359	1.06580952
77.72070994	0.94820196	1.06042646
77.82431496	0.94163034	1.05654495
77.92791997	0.93505871	1.05152916
78.03152499	0.92848708	1.04688758
78.13513001	0.92191545	1.04262022
78.23873502	0.91534383	1.03872707
78.34234004	0.90877220	1.03578287
78.44594506	0.90220057	1.03278490
78.54955008	0.89562895	1.02973315
78.65315509	0.88905732	1.02662763
78.75676011	0.88248569	1.02346833
78.86036513	0.87591407	1.02025526
78.96397014	0.86617872	1.01706707
79.06757516	0.85310471	1.01401343
79.17118018	0.83669202	1.01109435
79.27478519	0.81777540	1.00435862
79.37839021	0.79815230	0.99143282
79.48199523	0.78720059	0.97231727
79.58560025	0.76566177	0.94701197
79.68920526	0.74377354	0.92161764
79.79281028	0.72153587	0.90636072
79.89641530	0.69894879	0.89951928
80.00002031	0.67601229	0.88487848
80.10362533	0.65399314	0.88047384
80.20723035	0.63177344	0.87183135
80.31083536	0.60935318	0.84711223
80.41444038	0.58095756	0.82804226
80.51804540	0.55546993	0.81233825
80.62165042	0.53412297	0.79989052
80.72525543	0.51590313	0.78523906
80.82886045	0.49997568	0.77310633
80.93246547	0.48454316	0.75581038
81.03607048	0.46022769	0.75668403
81.13967550	0.44625155	0.75794274
81.24328052	0.43195894	0.75348578
81.34688553	0.41766447	0.73609165
81.45049055	0.40407321	0.70930298
81.55409557	0.39118516	0.69048159
81.65770059	0.37773355	0.66159196
81.76130560	0.36382857	0.63710810
81.86491062	0.34905275	0.62886879
81.96851564	0.34009112	0.61461751
82.07212065	0.33122403	0.59493597
82.17572567	0.32164259	0.56982417
82.27933069	0.31246717	0.54474215
82.38293570	0.30369779	0.51891864
82.48654072	0.29533444	0.50246245
82.59014574	0.28737713	0.47204077
82.69375076	0.27986208	0.45412478
82.79735577	0.27320740	0.44624167
82.90096079	0.26709850	0.44055856
83.00456581	0.26083028	0.42819446
83.10817082	0.25440276	0.41787817
83.21177584	0.24781592	0.40880128
83.31538086	0.24190507	0.39757381
83.41898588	0.23705990	0.38667209
83.52259089	0.23237018	0.37655296
83.62619591	0.22783593	0.36793491
83.72980093	0.22320833	0.36081795
83.83340594	0.21838054	0.35520207
83.93701096	0.21335255	0.35108728
84.04061598	0.20812436	0.34847357
84.14422099	0.20269598	0.34736095
84.24782601	0.19703729	0.33906277
84.35143103	0.19117968	0.32605186
84.45503605	0.18526604	0.31315616
84.55864106	0.17946775	0.30743595
84.66224608	0.17378480	0.29915545
84.76585110	0.16817765	0.28932284
84.86945611	0.16280537	0.28132808
84.97306113	0.15769575	0.27269487
85.07666615	0.15277293	0.26349710
85.18027116	0.14790788	0.25463908
85.28387618	0.14310061	0.24612082
85.38748120	0.13835112	0.23804954
85.49108622	0.13365939	0.23053521
85.59469123	0.12834690	0.22357784
85.69829625	0.12230484	0.21717741
85.80190127	0.11650059	0.21133393
85.90550628	0.11090275	0.20604740
86.00911130	0.10475185	0.20131783
86.11271632	0.09810028	0.19714856
86.21632133	0.09094804	0.19346364
86.31992635	0.08343722	0.19006331
86.42353137	0.07569963	0.18694757
86.52713639	0.06773526	0.18379984
86.63074140	0.05961310	0.18061352
86.73434642	0.05187699	0.17780057
86.83795144	0.04452693	0.17536099
86.94155645	0.03756292	0.17318754
87.04516147	0.03098495	0.17117026
87.14876649	0.02547158	0.16930916
87.25237151	0.02113160	0.16760422
87.35597652	0.01702774	0.16605546
