# 	phi_year_0	phi_year_1
37.10314810	3.94404688	4.30428419
37.26983229	3.92494627	4.29124927
37.43651649	3.90409452	4.26908794
37.60320069	3.88150228	4.24039084
37.76988489	3.85716956	4.21098058
37.93656909	3.83109635	4.18085718
38.10325329	3.80329017	4.14981392
38.26993749	3.77376817	4.11751007
38.43662169	3.74276702	4.08394562
38.60330589	3.71709139	4.04736845
38.76999008	3.68774508	4.00777856
38.93667428	3.64637921	3.95980129
39.10335848	3.61416094	3.92879353
39.27004268	3.59153617	3.90543482
39.43672688	3.57124801	3.85919226
39.60341108	3.55206657	3.82090903
39.77009528	3.53400323	3.79076105
39.93677948	3.51704048	3.76874832
40.10346367	3.50116767	3.75206263
40.27014787	3.48638480	3.73461465
40.43683207	3.47269855	3.71640436
40.60351627	3.46010640	3.69776661
40.77020047	3.44859122	3.67934887
40.93688467	3.43791631	3.66115113
41.10356887	3.42760652	3.64317339
41.27025307	3.41767308	3.62541566
41.43693727	3.40796775	3.60826300
41.60362146	3.39829747	3.59173410
41.77030566	3.38866223	3.57580299
41.93698986	3.37906581	3.56041820
42.10367406	3.36951377	3.54556365
42.27035826	3.35999474	3.53106343
42.43704246	3.35050872	3.51691754
42.60372666	3.34106538	3.50334353
42.77041086	3.33166632	3.49060814
42.93709506	3.32230486	3.47871135
43.10377925	3.31297599	3.46766729
43.27046345	3.30367972	3.45724684
43.43714765	3.29441605	3.44745002
43.60383185	3.28519430	3.43827682
43.77051605	3.27600733	3.42972724
43.93720025	3.26685512	3.42136496
44.10388445	3.25773769	3.41312511
44.27056865	3.24865503	3.40500769
44.43725284	3.23960337	3.39701270
44.60393704	3.23058219	3.38914013
44.77062124	3.22159427	3.38139000
44.93730544	3.21264515	3.37376229
45.10398964	3.20372526	3.36625700
45.27067384	3.19483303	3.35855179
45.43735804	3.18597066	3.35063884
45.60404224	3.17714357	3.34247546
45.77072644	3.16835177	3.33414349
45.93741063	3.15959526	3.32564291
46.10409483	3.15086867	3.31697374
46.27077903	3.14217126	3.30813597
46.43746323	3.13350302	3.29918177
46.60414743	3.12486396	3.29016728
46.77083163	3.11625979	3.28109250
46.93751583	3.10769224	3.27195743
47.10420003	3.09915574	3.26276207
47.27088423	3.09064750	3.25350641
47.43756842	3.08216884	3.24419779
47.60425262	3.07372014	3.23483955
47.77093682	3.06530139	3.22575404
47.93762102	3.05691068	3.21694907
48.10430522	3.04854953	3.20832507
48.27098942	3.04021794	3.19972455
48.43767362	3.03191590	3.19115603
48.60435782	3.02364022	3.18261951
48.77104201	3.01539595	3.17411500
48.93772621	3.00718310	3.16564155
49.10441041	2.99900166	3.15718924
49.27109461	2.99084592	3.14876403
49.43777881	2.98271416	3.14037022
49.60446301	2.97460637	3.13200782
49.77114721	2.96652777	3.12367683
49.93783141	2.95847568	3.11536993
50.10451561	2.95044961	3.10708376
50.27119980	2.94244955	3.09882710
50.43788400	2.93447750	3.09060127
50.60456820	2.92653216	3.08240627
50.77125240	2.91861355	3.07424014
50.93793660	2.91072165	3.06609437
51.10462080	2.90285549	3.05799462
51.27130500	2.89500709	3.05042397
51.43798920	2.88718255	3.04315286
51.60467340	2.87938185	3.03510248
51.77135759	2.87161060	3.02661547
51.93804179	2.86388262	3.01800747
52.10472599	2.85619791	3.00927848
52.27141019	2.84855128	3.00042850
52.43809439	2.84093854	2.99145753
52.60477859	2.83335971	2.98236556
52.77146279	2.82581477	2.97314384
52.93814699	2.81830142	2.96379104
53.10483118	2.81081403	2.95430748
53.27151538	2.80315549	2.94469356
53.43819958	2.79529404	2.93494928
53.60488378	2.78723045	2.92505071
53.77156798	2.77897187	2.91451824
53.93825218	2.77051221	2.90358311
54.10493638	2.76185147	2.89332848
54.27162058	2.75298407	2.88340574
54.43830478	2.74389718	2.87349495
54.60498897	2.73459692	2.86359796
54.77167317	2.72508540	2.85372110
54.93835737	2.71536624	2.84386438
55.10504157	2.70543945	2.83402780
55.27172577	2.69530502	2.82421134
55.43840997	2.68496707	2.81442007
55.60509417	2.67442788	2.80465467
55.77177837	2.66388515	2.79491787
55.93846257	2.65337516	2.78521022
56.10514676	2.64289713	2.77553357
56.27183096	2.63244636	2.76588493
56.43851516	2.62202503	2.75626720
56.60519936	2.61163316	2.74668119
56.77188356	2.60127577	2.73712690
56.93856776	2.59095186	2.72760433
57.10525196	2.58065735	2.71811162
57.27193616	2.57039309	2.70864244
57.43862035	2.56015545	2.69919679
57.60530455	2.54994842	2.68977466
57.77198875	2.53977298	2.68037670
57.93867295	2.52962567	2.67101263
58.10535715	2.51950727	2.66168143
58.27204135	2.50942047	2.65237999
58.43872555	2.49936142	2.64310774
58.60540975	2.48933013	2.63386112
58.77209395	2.47932784	2.62463966
58.93877814	2.46935283	2.61543873
59.10546234	2.45940817	2.60625320
59.27214654	2.44948960	2.59708308
59.43883074	2.43960114	2.58793693
59.60551494	2.42974304	2.57881867
59.77219914	2.41991237	2.56972830
59.93888334	2.41010911	2.56066582
60.10556754	2.40032929	2.55163122
60.27225173	2.39057672	2.54262388
60.43893593	2.38085334	2.53363593
60.60562013	2.37115608	2.52466753
60.77230433	2.36148230	2.51571868
60.93898853	2.35183546	2.50679324
61.10567273	2.34221586	2.49789178
61.27235693	2.33262490	2.48901580
61.43904113	2.32306211	2.48016822
61.60572533	2.31352441	2.47134903
61.77240952	2.30401102	2.46255890
61.93909372	2.29451897	2.45379280
62.10577792	2.28505056	2.44504682
62.27246212	2.27560654	2.43632615
62.43914632	2.26619054	2.42763197
62.60583052	2.25680255	2.41896430
62.77251472	2.24743779	2.41032311
62.93919892	2.23809956	2.40170152
63.10588312	2.22878946	2.39309937
63.27256731	2.21950686	2.38452049
63.43925151	2.21024760	2.37596340
63.60593571	2.20101139	2.36742982
63.77261991	2.19179272	2.35892300
63.93930411	2.18259646	2.35044005
64.10598831	2.17342457	2.34198097
64.27267251	2.16427706	2.33354509
64.43935671	2.15538223	2.32512887
64.60604090	2.14674037	2.31673230
64.77272510	2.13835074	2.30835020
64.93940930	2.13020971	2.29998701
65.10609350	2.12231728	2.29164501
65.27277770	2.11467344	2.28332420
65.43946190	2.10727229	2.27502459
65.60614610	2.10011224	2.26675765
65.77283030	2.09319330	2.25852002
65.93951450	2.08651545	2.25030932
66.10619869	2.08001519	2.24212327
66.27288289	2.07367092	2.23395709
66.43956709	2.06747775	2.22581078
66.60625129	2.06143374	2.21768434
66.77293549	2.05553888	2.20957778
66.93961969	2.04956385	2.20149109
67.10630389	2.04350370	2.19342427
67.27298809	2.03735845	2.18537732
67.43967229	2.03112810	2.17734461
67.60635648	2.02481444	2.16932385
67.77304068	2.01842302	2.16131506
67.93972488	2.01195384	2.15332782
68.10640908	2.00540690	2.14535321
68.27309328	1.99878316	2.13739078
68.43977748	1.99208518	2.12944053
68.60646168	1.98537650	2.12150256
68.77314588	1.97867998	2.11358094
68.93983007	1.97192134	2.10567595
69.10651427	1.96486527	2.09779175
69.27319847	1.95751176	2.08992833
69.43988267	1.95013852	2.08208570
69.60656687	1.94290659	2.07426386
69.77325107	1.93581598	2.06646281
69.93993527	1.92886668	2.05875506
70.10661947	1.92202272	2.05116432
70.27330367	1.91503369	2.04369060
70.43998786	1.90789958	2.03551556
70.60667206	1.90062040	2.02642819
70.77335626	1.89319519	2.01643295
70.94004046	1.88562138	2.00553507
71.10672466	1.87667595	1.99373466
71.27340886	1.86756237	1.98103205
71.44009306	1.85835492	1.96743240
71.60677726	1.84928893	1.95293435
71.77346146	1.83997833	1.93753791
71.94014565	1.82846255	1.92124565
72.10682985	1.81907785	1.90406350
72.27351405	1.80648464	1.88599403
72.44019825	1.79172831	1.86696916
72.60688245	1.77670514	1.84696588
72.77356665	1.76166000	1.82599005
72.94025085	1.74486844	1.80485054
73.10693505	1.72750791	1.78376217
73.27361924	1.70960253	1.76272053
73.44030344	1.69404853	1.74172629
73.60698764	1.67758572	1.72077981
73.77367184	1.65930392	1.69988187
73.94035604	1.64050764	1.67902835
74.10704024	1.62119688	1.65822076
74.27372444	1.59845243	1.63746123
74.44040864	1.57528579	1.61674995
74.60709284	1.55161617	1.59608412
74.77377703	1.52932362	1.57546458
74.94046123	1.51187351	1.55489010
75.10714543	1.48616246	1.53436272
75.27382963	1.45843844	1.51388132
75.44051383	1.43302120	1.49344960
75.60719803	1.41038491	1.47306109
75.77388223	1.38466773	1.45271580
75.94056643	1.35572089	1.43241340
76.10725063	1.32814427	1.41215602
76.27393482	1.30164328	1.39194523
76.44061902	1.27128323	1.37178214
76.60730322	1.24008489	1.35166244
76.77398742	1.21296216	1.33158398
76.94067162	1.18871236	1.31154603
77.10735582	1.16291896	1.29155153
77.27404002	1.13904152	1.27160106
77.44072422	1.11256925	1.25169308
77.60740841	1.09449601	1.23182779
77.77409261	1.07792863	1.21200366
77.94077681	1.05923275	1.19219498
78.10746101	1.03785450	1.17210448
78.27414521	1.01997571	1.15232467
78.44082941	1.00284892	1.13304098
78.60751361	0.98635747	1.11425159
78.77419781	0.97118619	1.09595333
78.94088201	0.96214854	1.07814374
79.10756620	0.95477674	1.06120231
79.27425040	0.94640030	1.04533666
79.44093460	0.93689329	1.03035109
79.60761880	0.92625571	1.01585003
79.77430300	0.91510088	1.00193653
79.94098720	0.90368097	0.98860892
80.10767140	0.89206362	0.97589211
80.27435560	0.88076463	0.96404554
80.44103979	0.87098987	0.95309112
80.60772399	0.86185560	0.94332615
80.77440819	0.85301767	0.93415809
80.94109239	0.84489459	0.92582720
81.10777659	0.83748634	0.91833253
81.27446079	0.83010812	0.91167057
81.44114499	0.82157662	0.90584131
81.60782919	0.81333887	0.90046528
81.77451339	0.80645671	0.89533485
81.94119758	0.80093013	0.89064373
