# 	omega_0	omega_1
32.51031244	0.03270925	0.03270925
32.65851074	0.03270991	0.03270991
32.80670904	0.03273987	0.03273987
32.95490733	0.03246702	0.03246702
33.10310563	0.03218149	0.03218149
33.25130392	0.03179304	0.03179304
33.39950222	0.03130119	0.03130119
33.54770051	0.03070537	0.03070537
33.69589881	0.02948523	0.02948523
33.84409711	0.02760632	0.02760632
33.99229540	0.02570012	0.02570012
34.14049370	0.02384121	0.02384121
34.28869199	0.02200840	0.02200840
34.43689029	0.02309104	0.02309104
34.58508859	0.02203955	0.02203955
34.73328688	0.02021298	0.02021298
34.88148518	0.01835942	0.01835942
35.02968347	0.01647947	0.01647947
35.17788177	0.01490481	0.01490481
35.32608006	0.01334585	0.01334585
35.47427836	0.01189310	0.01189310
35.62247666	0.01054670	0.01054670
35.77067495	0.00930723	0.00930723
35.91887325	0.00869482	0.00869482
36.06707154	0.00873898	0.00873898
36.21526984	0.00878277	0.00878277
36.36346814	0.00882635	0.00882635
36.51166643	0.00886992	0.00886992
36.65986473	0.00850049	0.00850049
36.80806302	0.00854376	0.00854376
36.95626132	0.00855495	0.00855495
37.10445961	0.00848828	0.00848828
37.25265791	0.00834409	0.00834409
37.40085621	0.00812282	0.00812282
37.54905450	0.00782435	0.00782435
37.69725280	0.00744881	0.00744881
37.84545109	0.00714323	0.00714323
37.99364939	0.00693116	0.00693116
38.14184768	0.00681205	0.00681205
38.29004598	0.00678560	0.00678560
38.43824428	0.00685148	0.00685148
38.58644257	0.00700940	0.00700940
38.73464087	0.00725909	0.00725909
38.88283916	0.00765273	0.00765273
39.03103746	0.00813741	0.00813741
39.17923576	0.00864808	0.00864808
39.32743405	0.00923080	0.00923080
39.47563235	0.00984181	0.00984181
39.62383064	0.01044155	0.01044155
39.77202894	0.01102989	0.01102989
39.92022723	0.01160683	0.01160683
40.06842553	0.01204712	0.01204712
40.21662383	0.01233855	0.01233855
40.36482212	0.01248164	0.01248164
40.51302042	0.01247701	0.01247701
40.66121871	0.01232530	0.01232530
40.80941701	0.01202713	0.01202713
40.95761531	0.01158310	0.01158310
41.10581360	0.01094074	0.01094074
41.25401190	0.01015305	0.01015305
41.40221019	0.00931747	0.00931747
41.55040849	0.00843420	0.00843420
41.69860678	0.00754652	0.00754652
41.84680508	0.00669427	0.00669427
41.99500338	0.00587728	0.00587728
42.14320167	0.00509514	0.00509514
42.29139997	0.00432665	0.00432665
42.43959826	0.00356073	0.00356073
42.58779656	0.00279802	0.00279802
42.73599485	0.00203824	0.00203824
42.88419315	0.00128090	0.00128090
43.03239145	0.00052590	0.00052590
43.18058974	0.00022667	0.00022667
43.32878804	0.00097632	0.00097632
43.47698633	0.00172344	0.00172344
43.62518463	0.00246825	0.00246825
43.77338293	0.00321067	0.00321067
43.92158122	0.00395034	0.00395034
44.06977952	0.00468746	0.00468746
44.21797781	0.00542218	0.00542218
44.36617611	0.00615407	0.00615407
44.51437440	0.00688350	0.00688350
44.66257270	0.00761047	0.00761047
44.81077100	0.00833526	0.00833526
44.95896929	0.00905794	0.00905794
45.10716759	0.00977809	0.00977809
45.25536588	0.01049573	0.01049573
45.40356418	0.01121097	0.01121097
45.55176247	0.01192408	0.01192408
45.69996077	0.01263474	0.01263474
45.84815907	0.01334296	0.01334296
45.99635736	0.01404884	0.01404884
46.14455566	0.01475261	0.01475261
46.29275395	0.01545422	0.01545422
46.44095225	0.01615351	0.01615351
46.58915055	0.01685080	0.01685080
46.73734884	0.01754558	0.01754558
46.88554714	0.01823823	0.01823823
47.03374543	0.01892880	0.01892880
47.18194373	0.01961716	0.01961716
47.33014202	0.02030336	0.02030336
47.47834032	0.02098757	0.02098757
47.62653862	0.02166952	0.02166952
47.77473691	0.02234941	0.02234941
47.92293521	0.02302713	0.02302713
48.07113350	0.02370269	0.02370269
48.21933180	0.02437627	0.02437627
48.36753010	0.02504775	0.02504775
48.51572839	0.02571727	0.02571727
48.66392669	0.02638168	0.02638168
48.81212498	0.02700465	0.02700465
48.96032328	0.02758652	0.02758652
49.10852157	0.02813293	0.02813293
49.25671987	0.02864425	0.02864425
49.40491817	0.02912076	0.02912076
49.55311646	0.02956243	0.02956243
49.70131476	0.02996951	0.02996951
49.84951305	0.03028553	0.03028553
49.99771135	0.03048187	0.03048187
50.14590964	0.03075200	0.03075200
50.29410794	0.03089253	0.03089253
50.44230624	0.03090800	0.03090800
50.59050453	0.03087096	0.03087096
50.73870283	0.03078150	0.03078150
50.88690112	0.03064317	0.03064317
51.03509942	0.03049205	0.03049205
51.18329772	0.03032820	0.03032820
51.33149601	0.03014605	0.03014605
51.47969431	0.02994540	0.02994540
51.62789260	0.02972585	0.02972585
51.77609090	0.02948781	0.02948781
51.92428919	0.02923138	0.02923138
52.07248749	0.02901335	0.02901335
52.22068579	0.02886205	0.02886205
52.36888408	0.02858414	0.02858414
52.51708238	0.02838340	0.02838340
52.66528067	0.02825544	0.02825544
52.81347897	0.02812808	0.02812808
52.96167727	0.02800133	0.02800133
53.10987556	0.02787471	0.02787471
53.25807386	0.02774861	0.02774861
53.40627215	0.02762310	0.02762310
53.55447045	0.02749791	0.02749791
53.70266874	0.02737269	0.02737269
53.85086704	0.02724796	0.02724796
53.99906534	0.02712366	0.02712366
54.14726363	0.02699974	0.02699974
54.29546193	0.02687605	0.02687605
54.44366022	0.02675297	0.02675297
54.59185852	0.02663047	0.02663047
54.74005681	0.02650828	0.02650828
54.88825511	0.02638625	0.02638625
55.03645341	0.02626442	0.02626442
55.18465170	0.02614283	0.02614283
55.33285000	0.02602163	0.02602163
55.48104829	0.02590063	0.02590063
55.62924659	0.02577971	0.02577971
55.77744489	0.02565900	0.02565900
55.92564318	0.02553892	0.02553892
56.07384148	0.02541925	0.02541925
56.22203977	0.02530007	0.02530007
56.37023807	0.02518104	0.02518104
56.51843636	0.02506232	0.02506232
56.66663466	0.02494362	0.02494362
56.81483296	0.02482517	0.02482517
56.96303125	0.02470707	0.02470707
57.11122955	0.02458944	0.02458944
57.25942784	0.02447217	0.02447217
57.40762614	0.02435507	0.02435507
57.55582443	0.02423803	0.02423803
57.70402273	0.02390147	0.02390147
57.85222103	0.02354063	0.02354063
58.00041932	0.02314093	0.02314093
58.14861762	0.02297683	0.02297683
58.29681591	0.02274428	0.02274428
58.44501421	0.02244303	0.02244303
58.59321251	0.02207296	0.02207296
58.74141080	0.02092524	0.02092524
58.88960910	0.01954116	0.01954116
59.03780739	0.01841110	0.01841110
59.18600569	0.01771805	0.01771805
59.33420398	0.01734083	0.01734083
59.48240228	0.01729873	0.01729873
59.63060058	0.01734677	0.01734677
59.77879887	0.01709446	0.01709446
59.92699717	0.01613166	0.01613166
60.07519546	0.01544625	0.01544625
60.22339376	0.01542293	0.01542293
60.37159206	0.01481231	0.01481231
60.51979035	0.01343726	0.01343726
60.66798865	0.01293271	0.01293271
60.81618694	0.01265978	0.01265978
60.96438524	0.01332731	0.01332731
61.11258353	0.01406901	0.01406901
61.26078183	0.01416573	0.01416573
61.40898013	0.01392286	0.01392286
61.55717842	0.01339823	0.01339823
61.70537672	0.01257230	0.01257230
61.85357501	0.01168984	0.01168984
62.00177331	0.01114153	0.01114153
62.14997160	0.01155697	0.01155697
62.29816990	0.01175289	0.01175289
62.44636820	0.01135904	0.01135904
62.59456649	0.01134986	0.01134986
62.74276479	0.01220655	0.01220655
62.89096308	0.01228920	0.01228920
63.03916138	0.01214180	0.01214180
63.18735968	0.01181736	0.01181736
63.33555797	0.01164082	0.01164082
63.48375627	0.01175496	0.01175496
63.63195456	0.01162294	0.01162294
63.78015286	0.01160755	0.01160755
63.92835115	0.01191494	0.01191494
64.07654945	0.01189756	0.01189756
64.22474775	0.01173820	0.01173820
64.37294604	0.01159597	0.01159597
64.52114434	0.01147102	0.01147102
64.66934263	0.01136351	0.01136351
64.81754093	0.01127372	0.01127372
64.96573923	0.01117701	0.01117701
65.11393752	0.01103422	0.01103422
65.26213582	0.01097449	0.01097449
65.41033411	0.01094481	0.01094481
65.55853241	0.01094534	0.01094534
65.70673070	0.01106193	0.01106193
65.85492900	0.01131443	0.01131443
66.00312730	0.01130522	0.01130522
66.15132559	0.01095571	0.01095571
66.29952389	0.01101135	0.01101135
66.44772218	0.01118359	0.01118359
66.59592048	0.01131358	0.01131358
66.74411877	0.01140132	0.01140132
66.89231707	0.01148429	0.01148429
67.04051537	0.01144006	0.01144006
67.18871366	0.01141875	0.01141875
67.33691196	0.01142647	0.01142647
67.48511025	0.01142928	0.01142928
67.63330855	0.01151499	0.01151499
67.78150685	0.01162158	0.01162158
67.92970514	0.01174903	0.01174903
68.07790344	0.01208849	0.01208849
68.22610173	0.01227931	0.01227931
68.37430003	0.01233966	0.01233966
68.52249832	0.01264566	0.01264566
68.67069662	0.01272530	0.01272530
68.81889492	0.01285436	0.01285436
68.96709321	0.01295542	0.01295542
69.11529151	0.01288361	0.01288361
69.26348980	0.01301678	0.01301678
69.41168810	0.01311715	0.01311715
69.55988639	0.01322274	0.01322274
69.70808469	0.01333355	0.01333355
69.85628299	0.01336177	0.01336177
70.00448128	0.01336943	0.01336943
70.15267958	0.01335654	0.01335654
70.30087787	0.01304799	0.01304799
70.44907617	0.01299481	0.01299481
70.59727447	0.01306355	0.01306355
70.74547276	0.01276357	0.01276357
70.89367106	0.01275344	0.01275344
71.04186935	0.01278814	0.01278814
71.19006765	0.01292191	0.01292191
71.33826594	0.01298465	0.01298465
71.48646424	0.01292674	0.01292674
71.63466254	0.01286050	0.01286050
71.78286083	0.01278592	0.01278592
71.93105913	0.01270302	0.01270302
72.07925742	0.01261179	0.01261179
72.22745572	0.01251223	0.01251223
72.37565402	0.01240433	0.01240433
