# 	phi_year_0	phi_year_1
32.51031244	2.07121653	2.39830904
32.65851074	2.06220704	2.38930613
32.80670904	2.05209417	2.37949282
32.95490733	2.04088190	2.36555208
33.10310563	2.02857480	2.35038968
33.25130392	2.01517823	2.33310863
33.39950222	2.00069700	2.31370891
33.54770051	1.98513684	2.29219052
33.69589881	1.96849966	2.26335198
33.84409711	1.95193739	2.22800062
33.99229540	1.93544519	2.19244640
34.14049370	1.91902449	2.15743659
34.28869199	1.90267700	2.12276099
34.43689029	1.86164153	2.09255196
34.58508859	1.83795564	2.05835119
34.73328688	1.82181773	2.02394753
34.88148518	1.80574833	1.98934250
35.02968347	1.78974737	1.95454209
35.17788177	1.77381819	1.92286631
35.32608006	1.75795622	1.89141468
35.47427836	1.74215611	1.86108715
35.62247666	1.72642205	1.83188909
35.77067495	1.71075122	1.80382348
35.91887325	1.69514763	1.78209579
36.06707154	1.67960660	1.76699644
36.21526984	1.66413165	1.75195931
36.36346814	1.64871842	1.73698194
36.51166643	1.63336804	1.72206724
36.65986473	1.61808096	1.70308584
36.80806302	1.60285388	1.68829149
36.95626132	1.58800547	1.67355493
37.10445961	1.57399718	1.65887996
37.25265791	1.56082420	1.64426511
37.40085621	1.54847921	1.62970741
37.54905450	1.53696221	1.61520575
37.69725280	1.52627320	1.60076133
37.84545109	1.51494206	1.58637432
37.99364939	1.50273371	1.57204532
38.14184768	1.48964988	1.55777034
38.29004598	1.47569431	1.54355035
38.43824428	1.46086970	1.52938453
38.58644257	1.44517993	1.51527393
38.73464087	1.42862583	1.50121672
38.88283916	1.41121241	1.48773971
39.03103746	1.39366461	1.47503875
39.17923576	1.37662962	1.46311045
39.32743405	1.35964151	1.45194948
39.47563235	1.34270026	1.44111835
39.62383064	1.32580587	1.43022135
39.77202894	1.30895835	1.41925727
39.92022723	1.29215770	1.40822596
40.06842553	1.27665499	1.39712622
40.21662383	1.26257237	1.38595791
40.36482212	1.24990721	1.37472365
40.51302042	1.23865270	1.36342278
40.66121871	1.22880170	1.35205467
40.80941701	1.22034838	1.34061967
40.95761531	1.21328793	1.32911896
41.10581360	1.20761787	1.31702526
41.25401190	1.20260949	1.30414002
41.40221019	1.19729335	1.29046807
41.55040849	1.19167123	1.27601324
41.69860678	1.18574690	1.26121207
41.84680508	1.17952039	1.24646312
41.99500338	1.17299353	1.23176634
42.14320167	1.16617062	1.21712203
42.29139997	1.15926210	1.20252860
42.43959826	1.15237801	1.18798534
42.58779656	1.14551331	1.17349347
42.73599485	1.13866993	1.15905230
42.88419315	1.13185204	1.14466106
43.03239145	1.12506076	1.13031978
43.18058974	1.11602593	1.11829261
43.32878804	1.10178085	1.11154406
43.47698633	1.08758608	1.10482052
43.62518463	1.07344001	1.09812252
43.77338293	1.05934159	1.09144828
43.92158122	1.04529064	1.08479400
44.06977952	1.03128703	1.07816166
44.21797781	1.01733085	1.07155267
44.36617611	1.00342210	1.06496276
44.51437440	0.98955893	1.05839396
44.66257270	0.97574209	1.05184682
44.81077100	0.96197081	1.04532343
44.95896929	0.94824497	1.03882435
45.10716759	0.93456447	1.03234541
45.25536588	0.92092823	1.02588549
45.40356418	0.90733730	1.01944705
45.55176247	0.89379042	1.01303122
45.69996077	0.88028767	1.00663507
45.84815907	0.86682881	1.00025837
45.99635736	0.85341334	0.99390177
46.14455566	0.84004105	0.98756720
46.29275395	0.82671198	0.98125416
46.44095225	0.81342558	0.97496069
46.58915055	0.80017992	0.96868788
46.73734884	0.78697893	0.96243474
46.88554714	0.77381954	0.95620184
47.03374543	0.76070054	0.94998852
47.18194373	0.74762231	0.94379395
47.33014202	0.73458620	0.93761983
47.47834032	0.72159047	0.93146615
47.62653862	0.70863523	0.92533047
47.77473691	0.69572038	0.91921453
47.92293521	0.68284524	0.91311655
48.07113350	0.67001003	0.90703690
48.21933180	0.65721414	0.90097679
48.36753010	0.64445777	0.89493524
48.51572839	0.63173998	0.88891267
48.66392669	0.61909298	0.88290976
48.81212498	0.60687893	0.87692540
48.96032328	0.59509294	0.87095811
49.10852157	0.58367859	0.86500793
49.25671987	0.57263285	0.85907540
49.40491817	0.56195250	0.85316008
49.55311646	0.55163711	0.84726142
49.70131476	0.54168551	0.84138058
49.84951305	0.53209505	0.83495035
49.99771135	0.52286550	0.82768423
50.14590964	0.51399684	0.82151689
50.29410794	0.50548595	0.81441126
50.44230624	0.49733339	0.80641338
50.59050453	0.48953812	0.79824768
50.73870283	0.48209835	0.78991336
50.88690112	0.47497934	0.78141099
51.03509942	0.46782007	0.77274058
51.18329772	0.46062217	0.76390414
51.33149601	0.45344167	0.75490221
51.47969431	0.44628050	0.74573449
51.62789260	0.43914240	0.73640089
51.77609090	0.43202445	0.72690253
51.92428919	0.42492645	0.71724029
52.07248749	0.41784787	0.70798136
52.22068579	0.41079049	0.69941097
52.36888408	0.40375443	0.68959585
52.51708238	0.39673958	0.68057361
52.66528067	0.38974371	0.67229810
52.81347897	0.38276447	0.66404530
52.96167727	0.37580247	0.65581580
53.10987556	0.36886136	0.64760845
53.25807386	0.36193924	0.63942530
53.40627215	0.35503532	0.63126636
53.55447045	0.34815090	0.62312998
53.70266874	0.34128755	0.61501445
53.85086704	0.33444181	0.60692142
53.99906534	0.32761371	0.59885031
54.14726363	0.32080322	0.59080062
54.29546193	0.31401317	0.58277364
54.44366022	0.30724058	0.57477032
54.59185852	0.30048456	0.56678930
54.74005681	0.29374655	0.55882935
54.88825511	0.28702723	0.55088968
55.03645341	0.28032732	0.54297153
55.18465170	0.27364777	0.53507606
55.33285000	0.26698708	0.52720337
55.48104829	0.26034514	0.51935143
55.62924659	0.25372109	0.51151819
55.77744489	0.24711364	0.50370366
55.92564318	0.24052195	0.49591119
56.07384148	0.23394717	0.48813962
56.22203977	0.22738944	0.48039011
56.37023807	0.22085131	0.47266175
56.51843636	0.21433009	0.46495327
56.66663466	0.20782574	0.45726195
56.81483296	0.20133816	0.44958987
56.96303125	0.19486762	0.44193834
57.11122955	0.18841342	0.43430782
57.25942784	0.18197628	0.42669800
57.40762614	0.17555596	0.41910668
57.55582443	0.16915208	0.41153234
57.70402273	0.16276323	0.40177789
57.85222103	0.15639015	0.39179649
58.00041932	0.15003458	0.38144388
58.14861762	0.14369606	0.37346431
58.29681591	0.13737370	0.36481655
58.44501421	0.13106738	0.35549770
58.59321251	0.12477761	0.34550717
58.74141080	0.11850439	0.32775680
58.88960910	0.11224663	0.30765822
59.03780739	0.10547831	0.28958933
59.18600569	0.09636829	0.27354883
59.33420398	0.08612702	0.25953536
59.48240228	0.07455927	0.24754659
59.63060058	0.06269794	0.23616564
59.77879887	0.05054257	0.22148712
59.92699717	0.04439159	0.20570815
60.07519546	0.03666995	0.19113245
60.22339376	0.02364090	0.17787021
60.37159206	0.01032101	0.15844415
60.51979035	0.00152124	0.13589382
60.66798865	-0.01237717	0.11694990
60.81618694	-0.02656453	0.10003331
60.96438524	-0.04104091	0.09223219
61.11258353	-0.05580353	0.08488654
61.26078183	-0.07032598	0.07133130
61.40898013	-0.08277760	0.05645099
61.55717842	-0.09436721	0.03961513
61.70537672	-0.10489925	0.02082371
61.85357501	-0.11540540	0.00149300
62.00177331	-0.12588695	-0.01447164
62.14997160	-0.14263992	-0.02707020
62.29816990	-0.15808850	-0.04055959
62.44636820	-0.16849608	-0.05490572
62.59456649	-0.17887754	-0.06537892
62.74276479	-0.19404471	-0.07197919
62.89096308	-0.20437785	-0.08148581
63.03916138	-0.21468763	-0.09326963
63.18735968	-0.22497234	-0.10679875
63.33555797	-0.23523302	-0.11882480
63.48375627	-0.24547009	-0.12792051
63.63195456	-0.25568287	-0.13945346
63.78015286	-0.26736144	-0.15128597
63.92835115	-0.27911412	-0.15996467
64.07654945	-0.28976175	-0.17078615
64.22474775	-0.29985209	-0.18247009
64.37294604	-0.30938915	-0.19342944
64.52114434	-0.31837440	-0.20366421
64.66934263	-0.32680950	-0.21317438
64.81754093	-0.33469713	-0.22195997
64.96573923	-0.34203765	-0.23026754
65.11393752	-0.34885877	-0.23851653
65.26213582	-0.35550193	-0.24575700
65.41033411	-0.36196894	-0.25252085
65.55853241	-0.36826149	-0.25880807
65.70673070	-0.37438090	-0.26376161
65.85492900	-0.38032905	-0.26718473
66.00312730	-0.38379300	-0.27074083
66.15132559	-0.38830390	-0.27874680
66.29952389	-0.39477664	-0.28466317
66.44772218	-0.40160617	-0.28977023
66.59592048	-0.40879091	-0.29565506
66.74411877	-0.41633084	-0.30231765
66.89231707	-0.42460924	-0.30976629
67.04051537	-0.43318276	-0.31878211
67.18871366	-0.44205140	-0.32786385
67.33691196	-0.45118846	-0.33692372
67.48511025	-0.46025454	-0.34596171
67.63330855	-0.47012777	-0.35497782
67.78150685	-0.48018782	-0.36397205
67.92970514	-0.49043470	-0.37294441
68.07790344	-0.50213438	-0.38124949
68.22610173	-0.51440810	-0.39161501
68.37430003	-0.52657404	-0.40317749
68.52249832	-0.53790324	-0.41144660
68.67069662	-0.54901368	-0.42176069
68.81889492	-0.55990537	-0.43136173
68.96709321	-0.57057831	-0.44102407
69.11529151	-0.58079062	-0.45195449
69.26348980	-0.59289355	-0.46272572
69.41168810	-0.60501376	-0.47384226
69.55988639	-0.61715124	-0.48492386
69.70808469	-0.62930599	-0.49597051
69.85628299	-0.64059992	-0.50698221
70.00448128	-0.65165332	-0.51795897
70.15267958	-0.66246620	-0.52890079
70.30087787	-0.67064667	-0.54016677
70.44907617	-0.67953328	-0.54958515
70.59727447	-0.68767018	-0.55703472
70.74547276	-0.69605310	-0.56841741
70.89367106	-0.70512137	-0.57758696
71.04186935	-0.71487497	-0.58699359
71.19006765	-0.72508206	-0.59586294
71.33826594	-0.73282641	-0.60297996
71.48646424	-0.73825278	-0.60898542
71.63466254	-0.74323450	-0.61462954
71.78286083	-0.74777156	-0.61991232
71.93105913	-0.75186398	-0.62483375
72.07925742	-0.75551174	-0.62939385
72.22745572	-0.75871486	-0.63359260
72.37565402	-0.76147333	-0.63743001
