87.71943244086256 -1.368226168888117
87.71943244086255 -1.3655372330929045
87.71943244086255 -1.321722682462586
86.67496911337547 -1.2920300322660254
84.63669473006163 -1.2293976461458604
84.48102627484073 -1.2091556357042026
84.04513198209106 -1.1896443719800938
84.04513198209106 -1.18440381753073
83.88351342289825 -1.171424263660861
83.69373991952631 -1.1307663727990411
83.35877389169688 -1.1150225708181911
82.92622223528734 -1.086483933263728
82.47662833444429 -1.0377932542039139
82.06499489135379 -0.9996739469794625
81.67837072282043 -0.9580217846451479
81.56483958963187 -0.9365213579145935
81.758925945197 -0.9251070376866122
81.67620468983326 -0.9046217084369537
81.40155995455854 -0.8625642209850075
81.3895508336175 -0.8456267390984425
81.49559353865712 -0.8210972760767724
81.7958828689137 -0.800397038549299
81.79588286891367 -0.7853981633974483
82.02526345028191 -0.7653003672988572
81.8186372217222 -0.7198356982433375
82.0793867733645 -0.6951913799264566
82.0793867733645 -0.6933513145340415
81.56001699977539 -0.6598001614113115
81.56001699977537 -0.6572384947550101
81.56001699977537 -0.6398381215130498
80.82972632489681 -0.6032298529246851
80.47356370363545 -0.5768355550684113
79.65180991176794 -0.5480239164242776
79.5338997085192 -0.513011221888647
79.47326351125452 -0.49192625829702674
79.32631324749785 -0.4846461376140744
79.32631324749785 -0.46865591437114895
78.99608957177624 -0.4253967245175598
78.24334398228109 -0.3742083498175841
77.81029280958853 -0.3121585224466543
76.07501696579835 -0.21406068356382152
75.78101504530001 -0.18984283337428692
75.41992243181525 -0.13640260440094745
75.03699792588968 -0.11412641801074278
74.76997580425629 -0.09849448473330315
74.41637194662566 -0.07495810849457145
73.89934157684968 -0.027881219364174377
73.3879006784994 -0.003984042665853031
73.38790067849939 0.01204760985418579
73.18233335809292 0.028105047460455897
73.1823333580929 0.044505006034134785
73.04835352442949 0.061148162649301174
69.14279064408312 0.21079509284984144
69.099547863066 0.24395091425953555
68.14334844051628 0.31635977103743573
67.55247683820335 0.3551642974458345
67.55247683820335 0.357254754301902
67.23312369391327 0.39915790417016755
66.87713597248955 0.4339533693938968
66.1283602998074 0.469659560616739
64.92643307722766 0.5466209711577371
64.22730081400049 0.6223839544595509
63.6961676677541 0.6371433379635876
63.69616766775412 0.646302221915377
63.10906783075059 0.7192695600328753
62.55137611041276 0.7451514516223078
62.464151235599836 0.7853981633974483
62.10274732648493 0.8187191592756957
61.51380968301759 0.8524117614422533
61.255027624424784 0.901314539689965
60.96217770936104 0.9165848193806043
60.735379241553694 0.9380474917927134
59.094328493829885 1.0168869197442907
58.290908211965565 1.051027935092914
57.940622576820076 1.1003151111843517
56.93825470814173 1.1279309447220873
56.3771646427175 1.1700028782196619
56.103694479202524 1.1893162401557902
56.103694479202524 1.208933520430026
55.8880510562262 1.2288464998171866
53.29029588378678 1.3350400635924948
53.01488126217422 1.3539227111284886
52.700305631987526 1.3864719178951976
52.70030563198755 1.4083974133021715
52.27153138481514 1.4401167503797776
52.064326508606506 1.472844902152119
51.22694913987191 1.5080217715275712
50.394176163795336 1.5766442133487855
49.094476694157414 1.6603763008085328
48.69430971460108 1.6868370760398006
48.46105752364878 1.72298461326801
47.50391724244171 1.7754381366246745
46.91157997784942 1.8172924394398928
46.911579977849414 1.8447744915265076
46.290486162823214 1.8885146449804453
45.35173627676873 1.9500964318747291
44.57453546703628 1.9843384163437634
43.8435498605711 2.0374469297717006
42.40206601987542 2.0924826557300786
41.93581363514204 2.1451011569695986
41.93581363514202 2.172714533042604
38.58260307157332 2.260740775859631
38.200860588217 2.312266723115455
37.08176084312099 2.3673051440899524
36.50966405797574 2.4129516480144386
36.278799058246065 2.447890646452208
35.72601681812717 2.4733032347592085
35.49196850569762 2.5097382727319006
35.20932511783416 2.537120950946467
32.75947745480773 2.665897434734801
32.52637585805266 2.7060500920494426
32.08796430637412 2.7559755884351422
31.468429175568836 2.8080083320900004
31.172557431082012 2.8619858057867487
29.881542369738273 3.033109342034822
