62.17649841392888 3.2031262469388353
61.78011012389356 3.2417350151881075
60.97960405518097 3.291675064263934
61.166571597310075 3.3106938795911702
60.79775309998652 3.3313982263634565
63.91089168619514 3.34079326563088
61.030652007241954 3.350329882118118
62.90680754883494 3.430810311639635
62.69191986698922 3.451474329140176
59.590587027514154 3.510183920902405
59.48015865275079 3.532199697287479
60.478198193625154 3.5464844398748765
58.281324648365434 3.584927029896064
57.76847957003809 3.634844367446299
57.09974275631521 3.676711850138243
57.0269771649127 3.713859789182868
56.416947562929515 3.7715388053474284
55.00078640519889 3.7904413049922256
53.663374711875214 3.911488183062223
52.851230781843775 3.9584764714548393
50.336239671050656 4.1098007013668445
49.852724275079076 4.145659762861183
48.927953530453344 4.176093168079985
48.565939906802406 4.213525583944836
48.53743249226495 4.240611469203939
47.51433948554273 4.284736897452412
47.03859859504178 4.307497194099606
47.134130919937995 4.335358834924473
44.761961730838834 4.507261615846772
44.92400349440595 4.561232931118402
44.04503828950402 4.612055876164069
43.28428596805897 4.664805877107705
41.47997390662292 4.691115594360626
40.88341090463505 4.719583100874981
40.53491809261599 4.821443638827927
41.346288478341755 4.8623341509581355
40.27801309772299 4.881139082804989
40.16617730514018 4.941383214593188
39.637195491558 5.00597796779344
39.43590130095526 5.038856480929738
35.705930807215886 5.357537534145533
35.83169036763513 5.4397129842191845
34.96166956969226 5.533486256461462
34.683442396489255 5.593875859299505
34.19109740661322 5.66893574919832
33.309391632605006 5.776086802787249
33.278212788050716 5.81558514959203
32.82806209479406 5.88770500771299
32.5528582664392 5.961434752782944
32.03857968504993 6.013712657247423
31.61456893361242 6.067543597265116
31.195887405288865 6.141288252575422
88.05176992458024 1.6209215281866847
88.41256701917672 1.6741061416121292
88.53380876319308 1.734306556740659
88.25980051837448 1.7551207356945966
86.57756487961778 1.9355311410593092
85.91155828962054 1.953209885320268
85.43902498050511 1.992865446936083
85.6453215725555 2.0144773115237378
85.1103497014175 2.0483533941781076
84.10427701231791 2.0704221441976145
84.03430671982933 2.1112158270654806
82.96933189198329 2.14405073718787
82.332980774313 2.1835708689446456
81.71708304203995 2.1977402734395035
81.94119758455872 2.2135795606217634
81.36061807170825 2.2280348215499064
80.17390268210895 2.2678831191059494
79.94916204758326 2.3093537772763746
79.8885469313083 2.3301587080099573
79.44552659213566 2.356194490192344
78.6532401108231 2.387929863720803
78.72359776007865 2.409055252434859
78.06593788227649 2.441548107851691
77.03075375602562 2.469833217141055
76.45361802650389 2.5311818483455237
75.94502655752731 2.554664163485219
75.86297062084165 2.5998433668690026
72.06422548779463 2.7345572478657
71.38399498826351 2.7572607404339955
71.08769378459579 2.7910542428677516
69.26829639750893 2.9058825201041216
69.00303388345405 2.922461386898121
63.79709401024667 2.951430240651071
68.53004291554853 2.955981060046291
67.55364394086067 2.9886123089868235
65.48329774634922 3.0200231671590387
64.1216944216365 3.045118878407207
65.14954848515889 3.0738232891905
66.22939060515955 3.1016139664665037
66.1823526797618 3.1282601102956473
63.23597810847588 3.1369415243386847
