89.87315784005726 -1.3784833153019118
89.56188787424172 -1.3202042502954934
88.20386388293292 -1.2720542636793482
87.26315885215821 -1.221156010187433
85.8972424690741 -1.1820466360876996
84.13640023819332 -1.1149005005062973
83.54889079620469 -1.0547325453671803
83.49874206246885 -1.029157314933747
82.972501968459 -0.9954512750813809
82.9062140141535 -0.966144918870169
82.65291357725697 -0.9380474917927135
82.65291357725697 -0.9209258773829492
82.38423081010188 -0.8966124875777759
82.28783543187443 -0.8672660513221397
82.28783543187447 -0.8602580111082151
82.28783543187444 -0.8516276885136805
82.12555588248269 -0.8268252252579942
82.12555588248266 -0.825178161868475
82.16559721146595 -0.7953480837902536
82.16559721146595 -0.7853981633974483
82.2780788073315 -0.7596306719284475
82.27807880733148 -0.7452187939569647
82.40623894475794 -0.7257674502662789
82.40623894475796 -0.7239372075146825
82.42191456711839 -0.6852319985095232
82.57521617340919 -0.6442118407276269
81.66407923333156 -0.5948451165026318
81.14522566065467 -0.5628316871477286
81.05541329887583 -0.5441978198225838
81.05541329887583 -0.5330030725909826
80.96337700584809 -0.520496856333644
80.86997587002043 -0.48159021836157556
80.86997587002043 -0.47872184399576556
80.80919758235765 -0.4652273865175533
80.80919758235767 -0.46200016403324723
80.82876099884855 -0.43574024208600953
80.80924307429008 -0.43016730135076675
80.75749334193922 -0.3878641038682797
80.75749334193922 -0.3825653995972142
80.58119839671694 -0.35920375816034206
80.42176663522639 -0.35334274862980475
80.15427496923866 -0.33311370166093307
80.15427496923866 -0.312383146898864
80.15427496923866 -0.30984635483833245
79.61092570592533 -0.26755838413611516
79.04229425449536 -0.24944690863588342
78.34100930372536 -0.21501488174750658
78.2281868226471 -0.19442380039605156
77.70911468751818 -0.17073521147528276
77.28447803361492 -0.15699838766702442
76.84644502999298 -0.1229718695642971
76.84644502999298 -0.11150467859813756
76.73318576886552 -0.10631697064987702
76.31936473208636 -0.08090409915523052
75.82237831368518 -0.0431105278076698
75.09080729343131 0.003921548524759996
74.82367718118886 0.02723062152548996
74.82367718118886 0.027881219364174516
74.5019867492788 0.06709282269935178
74.26120736773875 0.12386067921381483
73.69956625106484 0.1396473396144522
73.69956625106485 0.154145885194785
72.36207090151912 0.21474397693202807
72.36207090151912 0.21822587988609773
70.22136635272783 0.2788813925055161
70.22136635272783 0.2902648999290443
69.5485327341595 0.308237863383314
69.30301238362884 0.3244387199645296
69.30301238362887 0.33766433024524967
69.3379103532791 0.3563112556523746
69.23132421040887 0.3653196950282513
68.79512908475785 0.40717749659024655
68.35495242817504 0.43152255892362373
68.12224093128125 0.45016095084093305
68.1026897263077 0.47317113059441895
68.00391248394605 0.4891823328671653
68.06384713452204 0.5088035325781161
67.41478887088236 0.5389402114087972
67.14089165628484 0.5673994587100069
66.48785243460534 0.6110847731287441
66.48785243460534 0.6212825434665653
65.96415440197005 0.6697869841655638
65.96415440197003 0.6851068459805312
65.75168483720492 0.6895390162874351
65.38321173417081 0.7158900668906243
65.21664487608643 0.7724956536194106
64.5454995820964 0.8108703599081709
63.799036668383344 0.8636693039187265
63.417650288430366 0.9097531579442096
63.41765028843035 0.9263491444901192
63.41765028843035 0.935574697624162
62.04249926975171 1.0255691712576216
61.83058699737235 1.0627803914672935
61.40579095314759 1.104988893938684
60.80207153054627 1.1393956002293442
60.289233834947396 1.1710791385667123
59.75597335039268 1.214897561322485
58.91875756533722 1.2552762213731354
58.379190461078885 1.2682127539817634
57.62943052930736 1.3045442776439713
56.741079326391585 1.3470910496920938
56.367896993979556 1.3651873992782448
55.659893679953946 1.3942745614616854
54.322195411263934 1.456541998833457
53.6681470341883 1.5100975013429436
53.6681470341883 1.5114067906025355
53.498610045966274 1.5540381192126589
51.22546363655297 1.6563016204731016
51.225463636552945 1.6801845131170365
51.22546363655297 1.7159666921305705
48.68984630340458 1.8349184537140648
48.53653540783535 1.869737149647055
47.72233398108312 1.9388458171318625
47.47979576411887 1.959376346241792
47.47979576411887 1.9614033704925835
47.2702206602255 2.0036413563821682
47.2702206602255 2.0258971353630915
45.66484635914146 2.0828391666689092
44.49392217980882 2.135547307532001
44.493922179808834 2.15314927293888
43.72604118896981 2.179828334588673
43.7260411889698 2.1971713104360835
43.22598185501471 2.2575062295439388
40.36487392036394 2.366398217686299
40.36487392036395 2.3776965521785765
38.05319995453817 2.4656454393337084
37.83987102927652 2.512219333193397
37.83987102927653 2.517815845375358
37.83987102927654 2.5470255929136068
37.60305224213699 2.577241552867363
35.93210500798131 2.6961248596619654
35.93210500798133 2.725878778987646
33.573841031139864 2.869252399601384
33.57384103113984 2.9029833310815922
33.25188753809759 2.9546133836708828
32.75610504457016 3.0228873164466163
