64.42855005573024 3.1644197381111767
64.83009468194989 3.255255877733568
63.731975537263494 3.2665200579194855
63.005739289298106 3.3151831872546027
65.18140775524118 3.346067741180368
61.60623929216247 3.3483512357034115
62.87929888583128 3.353666058370677
62.01489942638825 3.4153320836198806
61.392435542732066 3.448192852111665
61.75770268420329 3.466355247070386
64.00286542028348 3.483689237243878
63.519879459151916 3.5160801867887113
61.01931170854095 3.5426869897744218
59.937972551907514 3.550350399996445
63.04417081735979 3.5697645470331802
59.851315196876406 3.5942516939078657
62.2321249054073 3.628491885401062
59.60219916520462 3.6295180523061346
59.64862510996085 3.651564713291206
59.72399029955246 3.6735664087335467
58.2100361149026 3.688944451822457
58.97773904128697 3.7282121321548964
60.609647843925856 3.733632920256148
58.66006699798092 3.8061538378301685
59.8513151968764 3.815566136255657
60.13968745279954 3.83695710378105
57.20266889507625 3.8396225571347316
56.69227320217851 3.8609106961204467
58.26944928282042 3.8912917043079167
56.58230371260617 3.9049355702937265
57.816377991135354 3.9269908169872414
58.67186330135253 3.9553520046931125
55.62634858984946 4.031867755717475
54.64734375915079 4.072117139160644
53.611765996721246 4.098516958959342
52.47012661363809 4.150818788457757
52.27853271371492 4.200918919140671
52.23218061733133 4.226075228600199
50.92398840581627 4.2771574930773575
53.14503235174309 4.320577843349592
50.52150181188916 4.324315180159813
53.255602236292226 4.345215146566471
50.08815757653465 4.346058316687062
49.67889974209147 4.368170297402222
48.9350250659044 4.413448157532532
48.44466754090474 4.448266853465522
48.15093052814913 4.471854732438785
47.76130095079186 4.507747170554911
50.76065010040669 4.508175344367324
47.4341649025257 4.544182208527603
49.66496749762143 4.56379185853549
49.43451857050475 4.599103644368034
48.72953389935557 4.621729093183944
48.63713534179471 4.645820816608865
47.94929559541919 4.693986150150376
47.36116114259749 4.731020364629955
45.11615152057722 4.889327036542393
42.91497992228475 4.9124727058024575
42.59124136287237 4.942293408516594
44.44389176895892 4.946132161253591
43.91916134859606 5.004487211593059
41.85367491399326 5.034139534781332
43.20427058219815 5.081517845925196
41.01860494406281 5.102215993039332
42.793864967921905 5.129915473370985
41.18697345043601 5.147290516371816
40.38097122866465 5.1727792719154895
42.23226271277481 5.197839987285194
40.6797774165179 5.218082991318507
40.21783246823365 5.310533224048655
40.41523231976043 5.342790401858197
39.733106135606754 5.392910205051904
39.593522940293276 5.434713025885226
38.69184440588756 5.476285081795907
36.71879486303673 5.577165458341711
36.52983801967845 5.6348533180923255
35.97625129775817 5.683845320931142
36.01470287992686 5.742765806909002
35.149212338652525 5.86071291479387
35.011120329301136 5.913598932806766
34.60353803140161 5.945307118939308
34.31232490138796 6.031969718687522
33.609295962374844 6.133862646485887
33.45450869836733 6.168644610382905
89.71022168868232 1.6857981984017956
89.10260016633289 1.8277840202732563
88.22843110564374 1.9283964942836036
87.24245339707316 2.0057941601479925
86.68141565565945 2.0389962563971427
85.3458261111935 2.110033794519067
84.27689574082177 2.1423434941909782
84.42867221531749 2.157832747068232
83.37288565405264 2.2361711517217238
83.19007293718477 2.2560283253044204
82.09307739633947 2.2953559570098747
81.95808701819278 2.335892711333127
80.69443410484844 2.3613490837148845
79.65865759667187 2.429362071879895
79.79753792457214 2.450157810397849
79.51083145294801 2.4662740106794967
79.00002190004516 2.498836146297023
77.9550487099916 2.5169572308181802
78.0659378822765 2.5546349817413265
77.91508997411694 2.5713892172709265
77.38033511801157 2.611603022826495
73.14605950262289 2.7409247070219322
72.80941609891099 2.7738387734329137
69.68664415583822 2.9590966533417564
69.79579705968858 3.0020793846968434
68.80718760234242 3.0517067600425403
