83.1983913206205 -0.7703992882455977
82.81070254953406 -0.7552565410098286
82.59313710943455 -0.7097850201606185
83.19007293718475 -0.6852319985095232
81.53480162134771 -0.6831914452901948
81.00258443482595 -0.6514893194130897
80.07457596680095 -0.6236653565570534
81.37337585216589 -0.62108982191947
80.51413510407409 -0.5930684163430705
58.488753244152534 -0.5921866795496423
80.5313238289739 -0.5667292175235064
79.79753792457214 -0.5378910606523875
81.82710272571325 -0.5231585759943608
81.99185544834067 -0.4973427163468224
79.32784236568182 -0.4818877086167545
81.68743704047897 -0.4749192733269201
79.0525645281512 -0.4586559699267662
78.63124043481916 -0.41176790581089173
77.8351109607348 -0.3671738338182192
77.75504968080885 -0.31935821446306367
77.78174593052022 -0.29544083714372
77.12951405082404 -0.2662520491509254
77.42503909072758 -0.21825691458287888
76.0269939312898 -0.20650001237942878
76.26329369623322 -0.1822681208327474
75.62542001370396 -0.12869650127801413
74.77416980875304 -0.09849448473330295
74.66766043991827 -0.08281411381047876
74.57955971071162 -0.06709282269935178
73.83817525215174 -0.019917684431303834
73.824115301167 0.003984042665852909
73.85223252641012 0.027881219364174526
72.78089600664046 0.060654254227165146
69.84535562528224 0.06320683189746022
69.34318646161654 0.08067557996359599
70.56494713883008 0.08764102844704821
71.91041139109124 0.11065722117389565
72.04981936541017 0.12688663470777017
69.13328984437152 0.13227039651549488
68.80718760234242 0.15882409554626944
68.64103507015122 0.19403422797151718
70.15183730178853 0.21548569150556338
68.83232724059532 0.308237863383314
68.64103507015122 0.32717055552316476
66.70313304843715 0.441954759914098
63.943368110066864 0.6352216291707345
64.64837016279593 0.6498704494119476
63.252391669431084 0.6667527316037473
62.895805527405216 0.7324675175113142
62.40425191795385 0.7654008294242978
62.81322894187025 0.7986424220621774
62.45967557283947 0.8320309977175141
61.24006875209438 0.9148078747930624
60.52966900991469 0.9302106616363873
60.31204898355847 0.9516806271743308
61.44877181110641 1.0106749426115036
60.024504799878095 1.0303768265243125
58.56561103452905 1.073453610448074
51.53861051388971 1.5194130246562914
