51.35701755938672 4.415995308846145
52.377720507257024 4.3266688861762095
51.34354067991585 4.3797692888107775
50.97153014981156 4.401586893616145
50.45982334121175 4.434889961720911
50.15029315083001 4.457453320575544
48.679802622761365 4.633763523119056
51.83317664095113 4.322399220559217
50.78790963118961 4.375987459706654
50.06051701013284 4.420369439764763
49.2943282320365 4.477540216771109
48.91380739252689 4.512634934341774
48.50177466164223 4.560200693911576
48.20120746811311 4.6084702016933985
48.09340680952757 4.63280283763275
47.94207866347051 4.718523872742566
55.28316537339756 4.170144664621375
53.00812760035485 4.246259986898583
52.48990675757278 4.266283431441286
51.993145675481436 4.286697816572198
51.06648085709478 4.32867405813304
50.03977656579139 4.383203618742849
47.68154162529465 4.594919875473064
47.50705647822135 4.6318184369208915
47.375770894203605 4.743434902628713
47.616184623111955 4.817589229805242
55.71957717245184 4.137562773823445
54.78015198868212 4.164603130852713
54.17675799885442 4.183142199552845
52.48331420457547 4.241222716071579
47.03124191708078 4.818902578864702
56.214185061033525 4.105520690815451
55.551653073239414 4.1229179491113666
53.66982231188789 4.177608518086254
53.07988365136934 4.196679278728155
52.23218061733133 4.226075228600199
51.43107727184568 4.256413855099389
46.58771538628499 4.845357700809017
46.95761174759703 4.895043593299261
55.731995867022384 4.099501324593918
52.56895290652631 4.191160981567899
51.993145675481436 4.2107849261955685
45.92946299418551 4.834361135914711
46.37928484014967 4.897347370602661
55.25186120023438 4.09337711753235
45.801210301168936 4.899709314410431
54.773835089215936 4.087145778109306
54.647343759150786 4.072117139160644
45.01633690378743 4.943105536112817
45.45235917988528 4.98091117319543
54.17675799885442 4.0656305541214
44.885475182434476 4.984388092698818
54.799098318043406 4.033456947863929
44.27227803124801 5.02993787883446
44.513906695249254 5.084306611635471
55.345720601753264 3.9570569420362856
54.54593949663838 3.9727603567827914
44.854628704995164 5.1672391623917155
54.5142119814501 3.957515683904444
44.397153810080965 5.232356787133218
44.186221215767254 5.250525379599377
55.86222547745586 3.8599273585515723
44.13137041460734 5.298543157201932
55.99833166076403 3.830278549083204
57.0087712549569 3.8026358224404797
43.7059219380709 5.354544194970451
58.061237210689775 3.775975474065882
57.117919669792286 3.788183350904639
60.12242412239331 3.739092936266642
59.153486356231674 3.7502819609172047
43.87186438287147 5.402835437439381
59.793473854350815 3.730959512771197
59.96106002834826 3.717350971113029
43.35617355656664 5.430580817999773
59.64282384315953 3.709078300621069
42.91497992228476 5.439600472968534
42.87464628562721 5.458971697700674
59.52086662687163 3.687096855802346
59.42777885512783 3.6650358561819396
60.39804529479846 3.6335551332719094
60.900111078813026 3.6074000864460056
60.63818614847548 3.598732762260187
61.19485018023425 3.5729933801553453
62.209880277591346 3.514197527016522
61.998158249238166 3.505360506028264
62.34322898833555 3.4931850926535444
62.69743900775763 3.481145481412932
62.503979112087656 3.472271542166272
63.252391669431084 3.4486383856085836
63.0770934902948 3.439748767225741
63.47083356001218 3.4281671078117237
63.30707280492464 3.419254150588363
63.14836706499844 3.4102956782249643
63.84588927922198 3.3787502471396187
64.15406413187459 3.3587698054435706
65.1920240520265 3.218364544859571
65.69958893447637 3.1998227139985453
65.66798106401797 3.1908800585826436
65.641629545676 3.1819295068868794
66.19280844074648 3.163811218916512
66.1823526797618 3.1549251968839385
66.17712417977894 3.1460370687707524
66.17712417977894 3.137148238408834
66.1823526797618 3.1282601102956473
66.19280844074648 3.119374088263074
66.20848898623825 3.1104915741478116
66.22939060515955 3.1016139664665037
66.25550835623596 3.092742659098711
65.0804665627689 3.0918599405541567
65.69958893447637 3.0833625931810413
66.3233663751746 3.07502448981397
66.36509066908272 3.066180380788829
67.10653617369798 3.0406156721460462
67.89086499797311 3.015625623899915
67.96727280839198 3.007039408210286
68.04867990909334 2.9984731057071006
68.13506838077288 2.989927899868178
68.22641930115812 2.9814049560288094
68.32271276511769 2.9729054205268852
68.42392790562818 2.9644304198872273
68.5300429155485 2.955981060046291
69.21832467337126 2.9491970520738704
68.75688075035859 2.939163579203523
69.45287914943 2.932569710783529
69.00303388345405 2.922461386898121
69.13328984437152 2.914156050520331
69.26829639750893 2.9058825201041216
69.97898844317065 2.8996720849053883
69.55244965200835 2.8894346266352695
69.70153870805075 2.8812620748284203
69.85526311930353 2.8731249507528425
70.01359235310564 2.8650240949905044
70.17649524184766 2.8569603216104724
70.34394001044988 2.848934417959928
70.5158943039154 2.840947144497182
70.13210470766326 2.830451780656686
70.87319931132528 2.825091394809677
71.05848266377146 2.8172243041258334
71.24814087297065 2.8093986146575975
70.88784455173052 2.7988478088916793
71.08769378459577 2.7910542428677516
71.29183650010073 2.7833048418041475
71.50023592285707 2.7756001541304833
71.16553148801967 2.7649235561848595
71.38399498826351 2.7572607404339955
71.60662434802406 2.74964512812128
71.83338083423419 2.742077159590419
72.06422548779463 2.7345572478657
72.29911914925233 2.727085779005007
72.00177814028847 2.7163174246826074
72.2464543975023 2.708900544788362
72.49507798588763 2.7015341346944943
72.74760843403702 2.69421847227909
73.00400519893758 2.6869538098794035
73.26422768871265 2.67974037479652
73.54705670639044 2.654693421778525
73.824115301167 2.6476512846702125
73.58938730466122 2.6368233375319896
74.16548409564835 2.6229384232189954
75.26309103386812 2.6132369112186726
75.56133648192213 2.6065135564879487
75.35957632540563 2.5958184521552283
75.16648189186455 2.5850671635602414
75.97691326634012 2.582582997686579
75.79452281386378 2.57188725437746
76.11341928435294 2.5653794287853025
75.94502655752731 2.554664163485219
76.27236752876435 2.5482425074330752
76.6028268380794 2.5418759958794723
76.45361802650389 2.5311818483455237
76.79230966398532 2.5249050403443434
76.65701258107227 2.5142068034746288
77.00379714719597 2.5080224635361716
76.88237544443615 2.4973264340047194
77.23710853117208 2.4912371205389583
77.12951405082404 2.4805494847391074
77.49204669537426 2.4745575457978646
77.85733559454982 2.4686216210225354
77.76839895119693 2.457991931378386
78.14125263471146 2.452155532553686
78.06593788227646 2.441548107851691
77.99942329659929 2.4309213945377692
78.38442222188554 2.4252335278666806
78.77193219058462 2.419601442159177
78.72359776007865 2.409055252434859
78.68402932354338 2.398497280462614
79.08319827330548 2.393019939921178
79.05694150420949 2.382504207445267
79.0394321456704 2.3719826519281693
79.44988191951087 2.366665311697041
79.03067601169215 2.3509313808947496
79.44988191951087 2.345723668687647
79.87121987741193 2.3405707615718683
80.29465632226116 2.335472068299861
79.91453046806191 2.3197522975829123
80.34635232653646 2.3147674283317983
80.10481887452475 2.278227856360802
80.5528045772431 2.2734820747441713
80.62579631322639 2.2631992499275135
81.45412872595956 2.264147641328938
81.53480162134771 2.2539877720850914
81.62387363636232 2.243849032017968
81.36061807170826 2.2280348215499064
81.82710272571325 2.2236429578956702
82.29514778819568 2.219300967814144
81.58995290613248 2.207808701854475
82.06356722531591 2.2035451617970807
82.19417468982321 2.193541647861583
82.67269855584243 2.1893915545679423
82.14785387454607 2.1677361303207103
82.63502110366262 2.1637347244160026
82.7981662368191 2.1538728618140404
83.28983870697499 2.1499842712786545
83.46414185612015 2.140228240440411
83.33552476934021 2.1245322311753014
83.83642831611309 2.1208424851541494
83.73318144403977 2.1051918035493102
83.9436703533241 2.095592098445003
83.87356607719259 2.079938425072603
84.38767846561848 2.076540735874019
84.9027532454073 2.073184233459182
84.86198850737358 2.0576955586061665
84.84159879335814 2.0421957185079087
85.10221820406677 2.032898341972345
85.37014866882349 2.023658529674085
85.89947452216101 2.0206622662864504
85.68167529273023 1.9991283637254824
86.21711549025639 1.9962945149247204
86.51359474744167 1.9872947347188532
86.04436772963747 1.9747904472528717
86.13279358924736 1.9595460175020936
86.45758205507306 1.9506709920519363
86.5775648796178 1.9355311410593092
86.92059773965366 1.9267947269398444
87.47219034095913 1.9244509456765613
87.43262358993964 1.9031847777670805
87.79990620388934 1.894665522089392
87.43262358993964 1.8819089846159969
87.07968748404153 1.8690469345719265
87.64212382474601 1.8670746846808157
87.87081584244343 1.8523143654926013
88.11855021919939 1.8376338559725998
88.53380876319311 1.8294727632946266
88.81086781590716 1.8149717772430858
89.2422929513304 1.8069822508967768
