83.2150255929124 -0.7604033697785282
82.83994656809507 -0.7452187939569647
82.6601413133181 -0.6997496237669216
83.27737452193385 -0.6752925141477608
81.62387363636232 -0.6730527052230714
81.11783901355098 -0.6413256227401597
80.07457596680095 -0.6236653565570534
80.51413510407409 -0.5930684163430705
82.65176875840429 -0.5672750689976778
82.52607850381595 -0.5514215013280265
82.04669950494035 -0.5133658318028612
81.4201372777353 -0.46849409771083905
81.70014378695848 -0.4427166887167811
78.93867796519483 -0.40195637397260825
78.17666976471772 -0.35744966707596615
77.61251459748827 -0.28819001843993597
76.82834864624739 -0.25147810735457704
74.25873592777954 -0.24401804862887513
76.05884627632615 -0.16705585882763266
74.71861864567853 -0.09065988720074511
74.62130460093833 -0.07495810849457167
75.12964573202824 -0.058755822715722696
73.824115301167 -0.003984042665852909
73.83817525215174 0.019917684431303834
73.89438830410175 0.04379667684386316
74.54243351584162 0.05921921471221139
72.81892031408694 0.06871754251855682
72.32304499514828 0.08550529367820464
72.12661876830286 0.1349767498539234
69.55244965200835 0.2521580269545241
67.76843331251814 0.4345296274937672
65.51499471778939 0.6066803814585172
62.39316127905737 0.7787315954935801
62.42642728467978 0.8187191592756955
63.68852623277149 0.824593765324503
62.94529948013273 0.8515267667620213
63.252391669431084 0.9040435951911493
61.35296937566326 0.9282539904786833
61.63992998745319 1.0238302752039778
59.60219916520463 1.0828709280785545
58.53606228843289 1.0959132355361278
58.56561103452905 1.1408438251401067
56.37399827634102 1.2688451649646473
51.49159235297529 1.5422326689561365
