51.55203639767691 4.179797108888998
50.67878353261867 4.209800028286844
49.588270183505976 4.251393885056888
51.04614914526417 4.173945762126166
50.164090604327406 4.204151524320831
49.60222397067867 4.22487322584019
48.80049066631765 4.256827448513457
46.51338312452214 4.370641092014897
51.16125534467374 4.148305259335032
49.942873940527754 4.188129689369809
49.083291965525405 4.21925929959854
48.27294083240628 4.251466160280815
46.58771538628499 4.33071027086684
45.959588085884995 4.366351704271833
45.574001573014876 4.3906384259880475
52.654452323435756 4.085646079173642
50.66512624380835 4.142097890123811
47.22947000941512 4.2682375080943284
46.49850241291217 4.302513846647435
45.823869212664455 4.3378420082890266
45.40665926802316 4.361957768032822
44.65360720790875 4.411468746024265
52.52944470060228 4.0700076919519885
50.82196348350129 4.1163608669630865
44.65360720790875 4.36980810595183
44.27227803124801 4.39484008193492
43.75339828620968 4.433165960607831
43.300271301802354 4.472352616390674
52.417343071461374 4.054298558858095
51.35701755938672 4.081487433921622
50.336239671050656 4.1098007013668445
44.513906695249254 4.340471349133908
51.95319959441272 4.047373637787801
49.5184422671743 4.1128547628091745
51.85987241386163 4.031447940460863
52.92973732624795 3.9898998230223666
51.77974380500652 4.015468889468217
52.48990675757278 3.9824893222329583
51.71287512106823 3.99944441307583
54.488816667904544 3.9269908169872414
53.663374711875214 3.9424934509122576
54.9189399515133 3.9042674561456003
53.65692633709684 3.9269908169872414
54.9441364613904 3.8891301297226026
53.663374711875214 3.911488183062225
52.410741390947614 3.934927158294707
56.30644035022544 3.853051779329301
54.981909575994514 3.8740101410831382
54.11285144992382 3.888548226966053
57.28125233016568 3.825154537833223
57.37179177391518 3.810729170904755
57.0087712549569 3.8026358224404797
59.012930375953154 3.764159632526824
60.12242412239331 3.739092936266642
59.153486356231674 3.7502819609172047
57.23895157892632 3.7737890024603447
59.793473854350815 3.730959512771197
58.81911748160524 3.742077271829556
57.85227578193264 3.753568096712364
59.4685226847903 3.7227366541208604
59.64282384315953 3.709078300621069
59.82818537032427 3.6955020606403988
60.024504799878095 3.682012153860377
59.723990299552476 3.673566408733547
60.449584358661625 3.655307318531608
60.16269752105852 3.646791825033391
60.64389219781044 3.6204234775328166
61.42624350392478 3.6030989382403287
60.37512492196236 3.61177611723653
61.443140508692544 3.58169001347008
60.66100712539422 3.577048167776603
61.48817648744241 3.560302655787465
60.41522986797287 3.568220146716669
62.10410948741568 3.535290877549817
61.88084319339273 3.5265120647196713
62.548251270712775 3.5020143955576475
62.895805527405216 3.489964136619647
62.69743900775763 3.481145481412932
62.87379570895343 3.460384636737075
63.252391669431084 3.4486383856085836
63.0770934902948 3.439748767225741
62.42642728467978 3.4037124948552657
63.4162936285136 3.3899458820848234
64.28337997629303 3.3677056306949864
65.2927927793515 3.2363308216056645
65.23977600898414 3.2273546207736548
65.77854216229287 3.2176786739108785
65.7364455748606 3.2087560553905554
65.69958893447637 3.1998227139985453
65.66798106401797 3.1908800585826436
65.641629545676 3.1819295068868794
66.20848898623825 3.1726937330317746
66.19280844074648 3.163811218916512
65.01663348526887 3.1642132289451066
66.1823526797618 3.1549251968839385
66.17712417977894 3.1460370687707524
66.17712417977894 3.137148238408834
66.1823526797618 3.1282601102956473
66.19280844074648 3.119374088263074
66.20848898623825 3.1104915741478116
65.641629545676 3.101255800292707
66.25550835623596 3.092742659098711
66.87410058251044 3.0843864164106325
66.3233663751746 3.07502448981397
66.36509066908272 3.066180380788829
66.99816658132904 3.0580868573718956
65.82586864371 3.056596136260465
67.04979299359864 3.0493442053742363
67.7531137960887 3.0328529756073497
67.81947337496902 3.0242305520483654
67.89086499797311 3.015625623899915
67.96727280839198 3.007039408210286
68.04867990909334 2.9984731057071006
68.13506838077288 2.989927899868178
68.22641930115812 2.9814049560288094
68.32271276511769 2.9729054205268852
68.42392790562818 2.9644304198872273
69.10825968792317 2.9575518923920328
69.21832467337126 2.9491970520738704
69.33320579351236 2.9408693190023563
68.87755546663095 2.9307975607399523
69.00303388345405 2.922461386898121
69.70650285154454 2.9160588269989987
69.84040135122116 2.9078494727208923
69.97898844317065 2.8996720849053883
70.12223632829789 2.891527564338439
69.70153870805075 2.8812620748284203
69.85526311930353 2.8731249507528425
70.01359235310564 2.8650240949905044
70.17649524184766 2.8569603216104724
70.34394001044988 2.848934417959928
70.5158943039154 2.840947144497182
70.69232521491041 2.832999234665907
70.87319931132528 2.825091394809677
71.05848266377146 2.8172243041258334
71.24814087297065 2.8093986146575975
73.10820534373221 2.80966433358714
71.44213909699461 2.8016149513233124
72.74760843403702 2.799384595500973
73.49999411529294 2.7945310500503027
73.7021500392982 2.787025601716566
73.35862518663608 2.7767216366566494
73.57057671233432 2.769252390423766
73.78660900068569 2.761826468792286
74.0066863153402 2.754444307730296
73.68806413421207 2.744038261832012
73.91779779220852 2.736700867304709
74.15148620610644 2.729409329862678
74.3890921051027 2.72216398898464
74.63057807220177 2.714965160462917
74.87590656601792 2.7078131367671627
73.27839506560582 2.697691131304225
74.59347726987309 2.6973429639447417
74.84817389187326 2.6902467087206396
73.26422768871265 2.67974037479652
74.57955971071162 2.6797087111906794
74.84355078044872 2.6726726857099354
75.1112208776432 2.665686464273797
75.38253081156863 2.658750194655571
75.65744142453256 2.6518640032982344
75.935913609955 2.6450279958294
75.703162801375 2.6344941491974563
75.47886342234767 2.623896514160851
75.77169313779955 2.6171504887141985
75.56133648192213 2.6065135564879487
76.36757767806458 2.6038151550980047
76.16795319178274 2.5932263007436642
75.97691326634012 2.582582997686579
76.29051195615922 2.5760461676259734
76.11341928435294 2.5653794287853025
75.94502655752731 2.554664163485219
76.27236752876435 2.5482425074330752
76.6028268380794 2.5418759958794723
76.93636430355372 2.535564431028316
76.79230966398532 2.5249050403443434
77.13400015063884 2.518683599409549
77.00379714719597 2.5080224635361716
77.35350033347444 2.50189380784186
77.23710853117208 2.4912371205389583
77.59467930248415 2.4852037064517223
77.9550487099916 2.4792258587748375
77.85733559454982 2.4686216210225354
78.2253421357116 2.4627413410914585
78.14125263471146 2.452155532553686
78.06593788227646 2.441548107851691
78.44619957890697 2.435813059417246
78.38442222188554 2.4252335278666806
78.77193219058462 2.419601442159177
78.72359776007865 2.409055252434859
79.11819374401111 2.403527530958911
79.08319827330548 2.393019939921178
79.05694150420949 2.382504207445267
79.46294646935574 2.377133837703054
79.44988191951087 2.366665311697041
79.44552659213564 2.356194490192344
79.86255494072864 2.3509862039532727
80.2817271198282 2.345832166802067
79.8885469313083 2.3301587080099573
80.3162003678118 2.3251164167089016
80.0443216324902 2.288589340960364
80.48834513407606 2.2837824603187133
80.93420797636341 2.279028432604786
81.38187992804563 2.274326602267653
81.45412872595956 2.264147641328938
81.53480162134771 2.2539877720850914
81.62387363636232 2.243849032017968
81.72131730718824 2.2337334327750042
81.47111913184423 2.2179075282081815
81.94119758455874 2.2135795606217634
82.06356722531591 2.2035451617970807
82.53865614235228 2.19933062736356
83.01519434025003 2.1951644056349036
82.47994408624795 2.173634637061438
82.63502110366262 2.1637347244160026
83.12349590178614 2.159780284296323
83.61325535217628 2.155872109431524
83.46414185612015 2.140228240440411
83.64635558569283 2.130513792995611
84.14540882894099 2.1268020947857895
84.03430671982933 2.1112158270654806
83.9436703533241 2.095592098445003
84.16185592701473 2.0860412904809404
84.67421793787649 2.0826181428903503
84.10427701231791 2.0704221441976145
84.62107682840379 2.067091740330353
84.58835801349193 2.0515495767001894
85.1103497014175 2.0483533941781076
85.3660953904683 2.0390663990203617
85.62915940949362 2.0298356734855822
85.64532157255547 2.0144773115237378
85.92766733620104 2.0053556649072313
86.46158416506246 2.002491344111224
86.27729496395665 1.9810595923049679
85.8148405068207 1.968487517457433
86.35746902698924 1.9658494323414288
86.67742369583162 1.9569737206170927
86.5775648796178 1.9355311410593092
87.12735776200398 1.9331228888342835
87.67764961616234 1.9307448528223023
87.27021236022017 1.9181276538612249
87.6263299609321 1.909530386103155
87.61448269467024 1.8883006222116911
87.25435117693534 1.8754909659670105
87.815668849595 1.8734813949727265
88.03604955222177 1.8587331358107253
88.27548104447361 1.8440617033872648
88.68610327156566 1.8358849093387466
89.10260016633288 1.8277840202732563
89.38176741383424 1.8133807407058242
