83.23997076863984 -0.7504124445689225
82.87753085793078 -0.7351891411143371
82.73545618018045 -0.6897314905416265
83.37288565405265 -0.6653748249268265
81.24144884466686 -0.631191810180243
80.2127361768859 -0.6134294723715226
81.00258443482595 -0.5890096525525532
82.83576948325134 -0.5574702228613833
80.100499158232 -0.5441978198225839
81.99185544834067 -0.4973427163468224
81.95808701819278 -0.481302275329902
79.3147555617931 -0.46530598227322045
81.6832010190573 -0.4588167287068298
79.07007097864195 -0.4420203659497592
79.25365523754795 -0.3922218989754378
78.04820620199725 -0.374208349817584
78.52555619528299 -0.3478110038788188
77.78174593052022 -0.29544083714372
77.85289117534339 -0.2715535236714736
76.68409109450029 -0.24404843083704467
77.29980281715429 -0.21082758781311067
76.26329369623322 -0.1822681208327474
76.54408233033033 -0.15819995792282604
74.96827472026332 -0.12192190932365198
74.77416980875304 -0.09849448473330295
74.66766043991827 -0.08281411381047876
74.54243351584162 -0.05921921471221139
73.824115301167 0.003984042665852909
73.85223252641012 0.027881219364174526
70.32426131929013 0.02928033234577806
69.84535562528224 0.06320683189746022
72.90914856612082 0.08481627219789932
69.44789687688777 0.09756161810402565
73.07980185691781 0.10887944526899955
72.12661876830286 0.1349767498539234
72.29433302988066 0.1511027784374433
69.38808170250091 0.15748332232447285
70.95127232814573 0.18763977180436625
69.21832467337126 0.19239560151592244
71.30154300295385 0.21195763724261935
69.00303388345405 0.21913126669167343
68.83232724059532 0.33526324540997043
69.22832190392324 0.35131183296192064
66.58371425101042 0.3944513303822235
67.23531984971974 0.4382127821633306
66.95166877350478 0.4695414503810681
66.17712417977894 0.4855129110727688
65.34047109280556 0.5867541647454867
65.37223731649932 0.6192034612597279
64.07850937187756 0.668289418830584
65.2715912387416 0.6768521283902603
63.0770934902948 0.6929472333357093
63.23597810847588 0.765663883475839
62.39316127905737 0.7920647313013165
63.23597810847588 0.8051324433190575
62.45967557283947 0.8320309977175141
63.72654599427041 0.8376381718486057
63.00573928929811 0.8647016948282351
61.47692058574407 0.9416482992754329
59.135935128561314 1.0559685077295633
58.79558159611072 1.109385850527301
60.63818614847548 1.1136562181245024
58.86028263585147 1.1540940660554981
51.4714285645688 1.5650821032756994
