53.450167588370704 4.439380277297979
53.00159950579804 4.471447980376612
52.377720507257024 4.526006191158533
52.17252455401311 4.54816708676403
53.95275390542395 4.373398754793518
53.573026833960476 4.394110634256288
53.04727929715576 4.425711756521273
52.57553472111409 4.457912638128544
52.15925838520059 4.490661940068288
51.79978757755272 4.523901870836497
53.598856053485086 4.359398592557779
53.01465489105813 4.3906384259880475
52.318230396620926 4.433317120760863
51.58558581968283 4.488154229275594
51.012244951071274 4.544396708738814
50.74701484393869 4.578688463530439
55.12018953267167 4.265446261272695
53.68916046612289 4.3247616656512555
53.255602236292226 4.345215146566471
52.45693570736122 4.387092341561009
50.53519791564789 4.530973795240239
50.164090604327406 4.577125327655264
55.11391160673642 4.241581589194519
54.08726768798326 4.280360999706639
53.372426560491114 4.310391542023142
52.92319956222521 4.330850611894618
49.755457352256144 4.552099351220164
49.50446486451997 4.587297066295568
49.31538218867644 4.622809006371053
49.188923275574766 4.658548848411387
55.42069367300658 4.2083832496364195
54.86220549426993 4.227161987817354
53.8050434342538 4.265854615001018
53.06684431354407 4.295852887805942
48.850099078003886 4.597742418672037
48.6371353417947 4.6458208166088655
48.573064146228546 4.66999016245875
55.78784578225101 4.175586100873651
55.195468947981084 4.193903804574642
54.34256330769842 4.22211328419584
52.77260744823789 4.281148973843469
51.83317664095113 4.322399220559217
48.050218827927985 4.645006484541313
47.94929559541919 4.730791810619002
48.09340680952757 4.79197512313663
56.85682863067299 4.125821096082259
56.214185061033525 4.143252062858792
55.589013377685504 4.161080618292868
54.68532187951118 4.188573120228874
52.48990675757278 4.266283431441286
51.75300669934207 4.297049813024959
47.36116114259749 4.731020364629955
47.46333496594993 4.780605947283046
57.714546330465836 4.086215393088793
56.69837636434522 4.111437460331999
55.71957717245184 4.137562773823445
54.47611457164993 4.173821329849076
57.94192295726954 4.063811773058107
56.214185061033525 4.105520690815451
55.226805085936306 4.131771766930216
46.38674491496713 4.807641257803456
58.198146202892815 4.041594347588427
57.474230723271404 4.057629391311277
56.765467840055244 4.074069172375644
55.731995867022384 4.099501324593918
55.06366243190899 4.1169791049059565
46.274717513658125 4.88485205191152
58.86028263585147 4.011892610436963
57.0087712549569 4.051345811534002
59.532492363908496 3.9689242628606403
45.61194829197301 4.993345851913467
59.50342376238839 3.9549555529571068
58.70134368875258 3.9695183516070256
60.31204898355847 3.9269908169872414
59.48597578319526 3.940975919152123
60.3177858854057 3.913198588150408
59.06567806484165 3.9340329540955534
59.909100694475136 3.906160496951024
45.185124783827966 5.1206995567687645
60.363661471928445 3.8856350996134292
44.64585753634607 5.125931069933557
45.38379205525777 5.161544850319996
60.84326679417248 3.8654248852493076
59.10081703660673 3.891794090600743
60.900111078813026 3.8517904278287154
61.42061013602005 3.832039110644485
61.964662325898544 3.812627163564337
62.06509586367747 3.799310813912566
62.17649841392888 3.7860398358945706
44.62260044627874 5.291251070676462
62.77465602810076 3.767288708807954
61.824900639631814 3.778433537362811
61.95349299367751 3.7651533857488184
63.060634302359475 3.7412376806279832
44.17838955650408 5.346569453635698
43.958536613227594 5.38399513663843
43.87186438287147 5.402835437439381
43.80082317407566 5.421743584503021
43.7059219380709 5.459710318192334
62.85728328748974 3.665962167806211
43.682164413971904 5.478741827800121
43.260296892153114 5.488172055482435
64.18641751781779 3.541670999312094
64.75532870085449 3.489199513345695
65.11235963442448 3.4776279505738317
64.92076618735288 3.46907380428098
65.41456828524237 3.2542359694710217
65.35106154971578 3.245291736563193
65.82586864371 3.2265891709191217
65.77854216229287 3.2176786739108785
65.7364455748606 3.2087560553905554
65.69958893447637 3.1998227139985453
66.25550835623596 3.190442648080875
66.22939060515955 3.181571340713083
66.20848898623825 3.1726937330317746
66.19280844074648 3.163811218916512
66.1823526797618 3.1549251968839385
66.17712417977894 3.1460370687707524
66.17712417977894 3.137148238408834
66.1823526797618 3.1282601102956473
66.19280844074648 3.119374088263074
65.01663348526887 3.1189720782344796
66.20848898623825 3.1104915741478116
66.81716001127494 3.101965831335866
66.84304810213831 3.0931723801442192
66.87410058251044 3.0843864164106325
66.3233663751746 3.07502448981397
66.95166877350478 3.066842322908487
65.77854216229287 3.0655066332687078
66.99816658132904 3.0580868573718956
66.46408088917582 3.0485289248653746
67.69180106036364 3.041491662171829
67.7531137960887 3.0328529756073497
67.81947337496902 3.0242305520483654
68.47447937194934 3.0167048940428245
68.55023667425873 3.0081905402677407
68.04867990909334 2.9984731057071006
68.13506838077288 2.989927899868178
68.22641930115812 2.9814049560288094
68.32271276511769 2.9729054205268852
69.00303388345405 2.9659328005817045
69.10825968792317 2.9575518923920328
69.21832467337126 2.9491970520738704
69.33320579351236 2.9408693190023563
69.45287914943 2.932569710783529
69.57732001311643 2.9242992226667717
69.70650285154454 2.9160588269989987
69.84040135122116 2.9078494727208923
69.97898844317065 2.8996720849053883
70.12223632829789 2.891527564338439
70.27011650307975 2.8834167871419716
70.422599785535 2.8753406044388683
70.01359235310564 2.8650240949905044
70.17649524184766 2.8569603216104724
70.34394001044988 2.848934417959928
71.07795807820786 2.8433979507742713
70.69232521491041 2.832999234665907
70.87319931132528 2.825091394809677
71.05848266377146 2.8172243041258334
71.24814087297065 2.8093986146575975
70.88784455173052 2.7988478088916793
71.08769378459577 2.7910542428677516
71.29183650010073 2.7833048418041475
71.50023592285707 2.7756001541304833
71.71285494256828 2.7679407007349788
71.92965614074595 2.7603269751806785
72.15060181703653 2.752759443951833
71.83338083423419 2.742077159590419
72.06422548779463 2.7345572478657
72.29911914925233 2.727085779005007
72.53802248395219 2.719663112477347
72.78089600664046 2.7122895815632297
73.02770010550081 2.7049654937762515
73.27839506560582 2.697691131304225
73.00400519893758 2.6869538098794035
73.26422768871265 2.67974037479652
73.52823528470573 2.6725783698148433
73.27367291100202 2.661788461320004
73.54705670639044 2.654693421778525
73.824115301167 2.6476512846702125
74.10480747798675 2.64066215116231
74.96827472026332 2.6200134541201603
75.77169313779955 2.6171504887141985
76.06794449655384 2.610456706239656
75.86297062084166 2.5998433668690026
76.16795319178274 2.5932263007436642
75.97691326634012 2.582582997686579
75.79452281386378 2.57188725437746
76.11341928435294 2.5653794287853025
76.43551231759095 2.55892617868982
76.76076167464711 2.5525273511861606
76.6028268380794 2.5418759958794723
76.93636430355372 2.535564431028316
77.27294006595056 2.5293076009721034
77.13400015063884 2.518683599409549
77.00379714719597 2.5080224635361716
77.35350033347444 2.50189380784186
77.7060827356369 2.495820541887694
78.06150533980853 2.4898023601242834
77.9550487099916 2.4792258587748375
77.85733559454982 2.4686216210225354
78.2253421357116 2.4627413410914585
77.31323069267258 2.453186489546887
78.14125263471146 2.452155532553686
78.06593788227646 2.441548107851691
78.44619957890697 2.435813059417246
78.8290164903156 2.430133527850286
78.77193219058462 2.419601442159177
79.16191632685374 2.4140246729379378
79.11819374401111 2.403527530958911
79.08319827330548 2.393019939921178
79.48471594718164 2.38759777572969
79.46294646935574 2.377133837703054
79.44988191951087 2.366665311697041
79.86255494072864 2.361402776431417
79.44988191951087 2.345723668687647
79.87121987741193 2.3405707615718683
80.29465632226116 2.335472068299861
80.72015822975497 2.3304269987233432
80.74587415943694 2.320127662876166
80.78014933107983 2.309835976065653
79.99243043773355 2.2989653838476833
80.43243849734856 2.29409826083036
80.87433115300779 2.289284212163704
81.31807768132168 2.284522593936307
81.76364789836042 2.27981276667491
81.83133129802376 2.26967631883997
81.53480162134771 2.2539877720850914
81.62387363636232 2.243849032017968
82.08464700147282 2.2393817787725467
81.82710272571325 2.2236429578956702
81.94119758455874 2.2135795606217634
82.4127933764578 2.2093010460444376
82.88588060793136 2.2050712956752
82.67269855584243 2.1893915545679423
82.81488089872434 2.179485634122308
82.96516132136179 2.169614634444711
83.45170370466425 2.1656414432975275
83.61325535217628 2.155872109431524
83.46414185612015 2.140228240440411
83.96015697030056 2.1364508537058153
83.83642831611309 2.1208424851541494
84.03430671982933 2.1112158270654806
83.9436703533241 2.095592098445003
84.74774292449239 2.0981213374400056
84.96386368031935 2.088654335270366
84.38767846561848 2.076540735874019
85.18756021406479 2.079236212005789
84.62107682840379 2.067091740330353
84.86198850737358 2.0576955586061665
85.38230734938298 2.0544720740691247
85.63320023623409 2.0451962095868037
85.62915940949362 2.0298356734855822
85.89947452216101 2.0206622662864504
86.17697249402124 2.011547174574318
86.21711549025639 1.9962945149247204
86.04436772963747 1.9747904472528717
86.35746902698924 1.9658494323414288
86.90069104331812 1.963244310975485
87.00415612711271 1.9481639822621268
87.33759025345431 1.9394208365780763
87.47219034095913 1.9244509456765613
87.82354911153793 1.91584774810498
87.98887158323687 1.9010033392267083
87.43262358993964 1.8819089846159969
87.99280404677329 1.8798625720728221
87.64212382474601 1.8670746846808157
88.20489672477585 1.865127594352355
88.4360461353591 1.8504664737496483
88.84203157511912 1.8422748091938104
89.10260016633288 1.8277840202732563
89.52488973661426 1.8197590325876138
