83.27321937900531 -0.7404285015451207
82.92344407858775 -0.725169587696454
82.36239441541771 -0.6842219743598876
83.47657815427044 -0.655480803473627
83.01519434025003 -0.6243680788400067
81.37337585216589 -0.62108982191947
80.02702830616397 -0.5971766580926775
81.33084213478269 -0.59502355137201
81.16901073992629 -0.5789576240865615
81.70014378695848 -0.4427166887167811
78.57401245021124 -0.4284862270457778
81.65354271593048 -0.38786410386827963
79.03067601169215 -0.3853439344000914
78.1323958437012 -0.33365475395495203
79.43245917717931 -0.31238314689886404
77.6971763391223 -0.2642600199133301
77.11605418555068 -0.23480325114319503
76.8508644279412 -0.21991427524262383
76.36757767806458 -0.1429863787920262
74.57955971071162 -0.06709282269935178
75.04669826458208 -0.03527947359359127
73.83817525215174 0.019917684431303834
73.89438830410175 0.04379667684386316
73.99265838452953 0.06762580484100811
74.66766043991827 0.08281411381047876
72.96133497534214 0.09284966472255013
69.50766057703808 0.10598435798959989
71.91041139109124 0.11065722117389565
68.6309522916355 0.14189705460416394
72.20812863404265 0.14304912782717744
69.88002570892189 0.14784936525875556
72.38521518350713 0.15913672579869362
69.58229301862725 0.17418248308264742
71.06335201775948 0.19577218465255797
68.75688075035859 0.20242907438627106
68.56033132316288 0.22937118964707415
68.98297267464734 0.25428552987473746
69.44789687688777 0.27888139250551586
69.21832467337126 0.2975617247378059
69.02810219565336 0.34331055548880807
68.88257899194335 0.36226890687498914
67.78374936664903 0.36841993909224685
66.50571690180354 0.4141830403992148
66.95683679117157 0.4498960201075962
68.00290040629018 0.46171337543617713
65.51499471778939 0.6066803814585172
65.23977600898414 0.6317793733572828
63.22503336725618 0.7788193109444318
62.40425191795385 0.8053954973705988
63.25786191000772 0.8182810432029604
63.7753952403455 0.850664809469996
63.0770934902948 0.8778490934591874
61.75770268420329 0.9682637022738775
60.74081302371584 1.0486472185723759
60.678117225525405 1.0702890640497205
59.60219916520463 1.0828709280785545
59.8513151968764 1.1181372864768242
62.026057700856946 1.1559422300018425
59.937972551907514 1.1620385803882443
57.401939853649004 1.187435533077107
56.97234198157077 1.206587643663978
51.478150704935004 1.553655148656288
