46.669344131462786 4.566926878495408
53.164561394177746 4.171969480114106
49.43451857050474 4.315309535159708
48.779214474055266 4.348678336184142
48.179666632476916 4.382916571746786
46.86910285858015 4.478064404232459
46.491060270993046 4.514993420534809
46.17740725913995 4.5524758572264705
45.74829586328286 4.628713845717293
52.96894696480716 4.156732564137988
51.766376978373984 4.195357027893149
50.37746791330824 4.246130411259529
49.12557174535436 4.29963572083707
48.44466754090474 4.3330099985105734
47.819224174928245 4.367296362732864
47.434164902525694 4.3906384259880475
47.07536473993509 4.414349396492431
46.29714468016718 4.475114325085325
46.03481456733735 4.499956959875948
45.801210301168936 4.525068646358949
45.596773394009325 4.550421628398654
45.421897680825 4.575986375983742
45.21574579524338 4.614662073025971
45.11615152057722 4.64061704744887
53.430742935668036 4.122859660466061
52.47012661363809 4.150818788457757
51.55203639767691 4.179797108888998
50.67878353261867 4.209800028286844
50.12268684961154 4.230370734826722
49.588270183505976 4.251393885056888
48.58730949125107 4.294779278878034
46.876484982245174 4.386670192849014
46.51338312452214 4.410635759961198
45.8691534558283 4.459634424216758
45.11615152057722 4.5354509242269865
44.69233540877739 4.60027827186226
44.529450617746676 4.639669751831436
52.94281043230127 4.116682369009622
49.88047998703525 4.214454022472523
49.06213841248194 4.246060412659615
48.050218827927985 4.289814149974338
45.952058664457354 4.406831342505569
45.15448300711834 4.468990094774572
44.53722054462796 4.533126147977742
43.94279074127505 4.638697161510341
54.17675799885442 4.0656305541214
52.79227425914977 4.101206603430185
45.574001573014876 4.3906384259880475
43.28428596805896 4.664805877107706
54.799098318043406 4.033456947863929
54.34256330769842 4.026659469478403
54.26610073131582 4.011405122662775
53.81790391688365 4.004355476415215
53.060323442996776 4.02119930533232
52.60843144234134 4.014071621403263
53.3205362386303 3.981623896226601
54.90633736057197 3.9345664296384366
53.68271518873279 3.9579886368694757
52.88395600527788 3.9741998087964556
52.0995188230342 3.990903649775975
55.32696145967047 3.91195435632838
54.488816667904544 3.9269908169872414
53.663374711875214 3.9424934509122576
52.45033901018884 3.966652546910369
54.9189399515133 3.9042674561456003
53.65692633709684 3.9269908169872414
57.13609080058171 3.8541273368602416
55.81265002769701 3.8747994514001376
54.5142119814501 3.8964659500700387
57.20266889507625 3.8396225571347316
55.86222547745586 3.8599273585515723
54.981909575994514 3.8740101410831382
56.82639135406418 3.8316921293953983
55.47685698468916 3.8519440533908007
59.70660677624851 3.7801676938546542
57.37179177391518 3.810729170904755
59.83396866520199 3.766413536299933
57.94192295726954 3.790169860916376
57.0087712549569 3.8026358224404797
59.491792344838494 3.7583938773778116
58.061237210689775 3.775975474065882
56.183399634266245 3.8007992772142165
59.63702201203266 3.7446420011012758
58.19220033587659 3.7618421395726145
56.765467840055244 3.7799124615988386
55.82504801752677 3.7924698140710467
59.793473854350815 3.730959512771197
59.64282384315953 3.709078300621069
58.33473387674438 3.711415442064382
60.52966900991469 3.677012195526419
60.74081302371584 3.6637417618123136
60.96257857209757 3.6505655700324757
60.678117225525405 3.642099916334969
61.16657159731006 3.6159925363817003
60.900111078813026 3.6074000864460056
61.69604026258935 3.590315997600514
60.63818614847548 3.598732762260187
61.443140508692544 3.58169001347008
62.026057700856946 3.556446750382847
62.64774923673688 3.5316889721020592
62.42642728467978 3.5229739211176048
62.7581175217907 3.5107853271955523
62.548251270712775 3.5020143955576475
63.44902321322846 3.486799315832559
63.252391669431084 3.4780480303642864
63.060634302359475 3.4692428445532153
63.43266053182169 3.4574781725978116
63.252391669431084 3.4486383856085836
63.0770934902948 3.439748767225741
62.90680754883496 3.430810311639636
64.1324861403853 3.396582105760372
64.97404326019625 3.2732467885802516
65.41456828524237 3.2542359694710217
65.93616499821081 3.2443682645700243
65.87841374778142 3.2354861592693354
65.82586864371 3.2265891709191217
65.77854216229287 3.2176786739108785
65.7364455748606 3.2087560553905554
66.28683607382541 3.1993062671987587
66.25550835623596 3.190442648080875
66.22939060515955 3.181571340713083
66.20848898623825 3.1726937330317746
66.19280844074648 3.163811218916512
66.1823526797618 3.1549251968839385
66.17712417977894 3.1460370687707524
66.17712417977894 3.137148238408834
66.1823526797618 3.1282601102956473
66.19280844074648 3.119374088263074
66.7964423145601 3.1107654181281355
66.81716001127494 3.101965831335866
66.84304810213831 3.0931723801442192
66.87410058251044 3.0843864164106325
66.9103102621499 3.0756092850689427
66.95166877350478 3.066842322908487
66.99816658132904 3.0580868573718956
67.63554889293384 3.0501453649769754
67.69180106036364 3.041491662171829
68.33790459292888 3.03378713571227
68.40369685875638 3.0252374883829187
68.47447937194934 3.0167048940428245
68.55023667425873 3.0081905402677407
68.6309522916355 2.999695598985628
68.71660875173556 2.9912212255826596
68.80718760234242 2.9827685580435244
68.90266943066342 2.974338716127532
69.00303388345405 2.9659328005817045
69.10825968792317 2.9575518923920328
69.21832467337126 2.9491970520738704
69.33320579351236 2.9408693190023563
69.45287914943 2.932569710783529
69.57732001311643 2.9242992226667717
69.70650285154454 2.9160588269989987
69.84040135122116 2.9078494727208923
69.97898844317065 2.8996720849053883
70.12223632829789 2.891527564338439
70.27011650307975 2.8834167871419716
70.422599785535 2.8753406044388683
70.57965634142289 2.8672998420596087
70.74125571062173 2.8592953002901904
70.9073668336392 2.8513277536607493
71.07795807820786 2.8433979507742713
70.69232521491041 2.832999234665907
70.87319931132528 2.825091394809677
71.05848266377146 2.8172243041258334
71.24814087297065 2.8093986146575975
71.44213909699461 2.8016149513233124
71.64044207831544 2.7938739119815956
71.84301417062836 2.786176067531132
73.7021500392982 2.787025601716566
72.04981936541017 2.778521962043836
73.90843488672213 2.779561631574044
72.26082131817944 2.770912112929965
73.57057671233432 2.769252390423766
74.33325316405544 2.7647600292370758
74.0066863153402 2.754444307730296
74.2307726785647 2.747106319007081
75.00057669905154 2.7428799853652723
74.69082757061533 2.7325643862436895
74.92672314221709 2.7253611471995214
73.31616135321688 2.715629170989498
74.63057807220177 2.714965160462917
74.87590656601792 2.7078131367671627
75.12503994206978 2.700708187425276
74.84817389187326 2.6902467087206396
73.79129833078261 2.683292587198139
75.10661395781075 2.6831989367020643
75.3687589587995 2.6761998456627047
75.63457037158418 2.669249611577209
75.90400967749403 2.6623483890930135
75.65744142453256 2.6518640032982344
75.41924345773448 2.641312225364942
75.703162801375 2.6344941491974563
75.99057490273675 2.6277273351897374
76.28144028194467 2.6210118200981327
76.06794449655384 2.610456706239656
76.36757767806458 2.6038151550980047
75.66658791006476 2.589173729269447
75.97691326634012 2.582582997686579
76.29051195615922 2.5760461676259734
76.60734378052321 2.569563132344154
76.43551231759095 2.55892617868982
76.76076167464711 2.5525273511861606
77.08912740467258 2.54618277811106
77.420569855034 2.5398922766693595
77.27294006595056 2.5293076009721034
77.13400015063884 2.518683599409549
77.47864981058065 2.512517271451772
77.35350033347444 2.50189380784186
78.17666976471772 2.5003488773054983
78.06150533980853 2.4898023601242834
77.9550487099916 2.4792258587748375
77.39821980553393 2.4638843610251655
77.76839895119693 2.457991931378386
78.14125263471146 2.452155532553686
78.51674275422768 2.446374761122911
78.89483166638878 2.440649206439261
78.8290164903156 2.430133527850286
79.21435157097285 2.4245090720319844
79.16191632685374 2.4140246729379378
79.11819374401111 2.403527530958911
79.51518320334547 2.3980548393223344
79.48471594718164 2.38759777572969
79.46294646935574 2.377133837703054
79.87121987741193 2.3718182188128214
79.44552659213564 2.356194490192344
79.86255494072864 2.3509862039532727
79.87121987741193 2.3405707615718683
79.94916204758326 2.3093537772763746
80.38510251210951 2.3044273109132867
80.82297285534894 2.2995541070529697
81.26274188084648 2.2947335343095787
81.70437892997035 2.2899649650761127
81.76364789836042 2.27981276667491
81.45412872595956 2.264147641328938
81.53480162134771 2.2539877720850914
81.99185544834067 2.249458817543209
81.72131730718824 2.2337334327750042
82.18575466524715 2.2293285153610256
82.29514778819568 2.219300967814144
82.76472678623425 2.215008167522523
82.88588060793136 2.2050712956752
83.01519434025003 2.1951644056349036
82.81488089872434 2.179485634122308
83.29814712752555 2.175447734719624
83.45170370466425 2.1656414432975275
83.61325535217628 2.155872109431524
83.78275582129285 2.1461413785084122
83.96015697030056 2.1364508537058153
84.14540882894099 2.1268020947857895
84.03430671982933 2.1112158270654806
84.53925604799696 2.107635890091686
84.74774292449239 2.0981213374400056
84.16185592701473 2.0860412904809404
84.62107682840379 2.067091740330353
85.13880382619324 2.0638018045511313
85.38230734938298 2.0544720740691247
85.90350263351246 2.051287671944273
85.89141773273049 2.035975328166728
86.15689398198404 2.026810496278209
86.4295620962657 2.0177027298116137
86.46158416506246 2.002491344111224
86.27729496395665 1.9810595923049679
86.5855578230539 1.9721198855834103
86.67742369583162 1.9569737206170927
87.2226201574341 1.9544335640593253
87.55127019920847 1.9456882900364736
87.67764961616234 1.9307448528223023
88.02425743051612 1.9221365511031276
87.6263299609321 1.909530386103155
87.24245339707316 1.8968112476665304
88.18135606290836 1.9073137402329792
87.79990620388934 1.894665522089392
87.25435117693534 1.8754909659670105
87.815668849595 1.8734813949727265
88.03604955222177 1.8587331358107253
88.60022573334675 1.856847768512214
89.00157457492878 1.8486420593672719
88.53380876319311 1.8294727632946266
89.10260016633288 1.8277840202732563
