83.31476148299807 -0.7304535212908869
82.97767240437068 -0.7151621267736015
82.73545618018045 -0.6897314905416265
82.4505723801427 -0.6741838392171207
83.11933306645192 -0.6498704494119476
83.15262991386199 -0.6144929706217459
81.51357965284109 -0.611021560005784
82.96516132136179 -0.5988183076498151
80.18684926998785 -0.5869853099005301
81.49235215777989 -0.5849996095715698
80.5313238289739 -0.5667292175235064
80.81012818087221 -0.5304323167316688
81.95808701819278 -0.481302275329902
81.98341464477197 -0.4331594667343966
78.86851218663169 -0.41860297401399227
81.43288573354585 -0.38117706782333605
79.14443019221143 -0.3687746862393884
79.05694150420949 -0.3217505543966422
77.5456110899125 -0.256937614604174
77.5545348922482 -0.2256618388792753
76.72469094556226 -0.21243202050874216
76.94985559971254 -0.18840030022508975
74.8019299197767 -0.16191662661324746
76.2859762538986 -0.1353540727300832
74.77416980875304 -0.09849448473330295
76.53051950186222 -0.09622698347979866
74.62130460093833 -0.07495810849457167
75.12964573202824 -0.058755822715722696
75.02825304060637 -0.02744408822144257
68.53509191304417 -0.012874825051708479
70.2947329532509 0.004184076002074724
67.94181308588934 0.004328977287059503
73.85223252641012 0.027881219364174526
70.32426131929013 0.02928033234577806
73.92247880024262 0.051746591709835324
69.8106683234354 0.054797406973115484
74.71861864567853 0.09065988720074511
71.9777455033906 0.11877978621987097
69.6419413859206 0.1227834924355091
69.38808170250091 0.15748332232447285
71.80447307056279 0.16043490761386603
72.58094157273503 0.1751416825418211
69.68664415583822 0.18249600024803592
71.18011658138663 0.20387845119942585
69.00303388345405 0.21913126669167343
71.69355199684192 0.23602367862589738
68.83735406651604 0.24601493218598205
67.99781189233467 0.3764903344465229
69.30824783525463 0.37814231532260145
66.74461993792039 0.422251153451272
67.4767677564005 0.46559692427057153
65.50971295425954 0.5743048301747018
65.37223731649932 0.6192034612597279
63.22503336725618 0.7919770158504648
63.72654599427041 0.8376381718486057
63.835049109479726 0.8636693039187263
62.79119017835099 0.898249967734331
63.71568552024594 0.9097531579442097
61.91438446322638 0.981476200953023
61.268313412184796 0.9974398130737102
60.96257857209757 1.0618234103522137
59.3287130635043 1.0916288996716637
60.024504799878095 1.1839206090638685
58.713131699050386 1.1856388204314225
56.93588939965814 1.2719176003162302
51.4714285645688 1.5650821032756994
