88.35384193165028 1.6674838685411366
88.93156655210657 1.7201768712579195
88.40082512257983 1.7956001650267144
88.11855021919938 1.8376338559725998
87.72570682536421 1.8675022996339319
87.3026283867037 1.9024088846738199
86.88159034614009 1.937315469713706
86.46258286336013 1.9722220547535922
86.04559614550772 2.0071286397934784
85.63062044695535 2.0420352248333664
85.21764606907603 2.0769418098732526
84.33845966429975 2.1171966169978305
83.15262991386196 2.1852892974166416
82.6517687584043 2.2249731865756353
81.62387363636232 2.243849032017968
81.90740826940971 2.2595576626714013
81.38187992804562 2.274326602267653
81.21588983225926 2.304957322788926
80.34635232653646 2.3147674283317983
79.44988191951087 2.366665311697041
79.8885469313083 2.3822302723747324
79.16191632685374 2.4140246729379378
78.89483166638878 2.440649206439261
78.05975843805044 2.4898023601242834
76.65746995043256 2.586662298546335
76.2613051999847 2.614347621616867
75.18569153455614 2.6902467087206396
74.81953102454888 2.7253611471995214
73.72597743753288 2.779561631574044
73.1308200802748 2.8093986146575975
72.67012312809769 2.832661909666051
72.30257168191254 2.8513277536607493
71.83246441334569 2.8753406044388683
70.95927717756386 2.9078494727208923
70.82046517597782 2.915405052403548
70.35211333544105 2.9410073118948468
70.32404744949494 2.9425469302212335
63.82327910901523 3.316810704072202
63.45749942428031 3.338988213439672
63.117134120204895 3.3597399511020782
62.77504717696858 3.3807097191363615
62.51097428291764 3.396975565563448
62.007689132630844 3.4281671078117224
61.83333572845892 3.4390318893522167
61.211252758347925 3.4780480303642856
60.50195832279058 3.5230206894273635
60.0136910206918 3.5542866222564182
59.67037435301201 3.576423408150084
59.19252396944318 3.6074477645235894
59.10999109564834 3.6128315516282608
58.357275111810054 3.662282547101434
57.61414433246642 3.711733542574607
56.880476698105944 3.76118453804778
56.156151703542434 3.8106355335209523
55.44105037812177 3.8600865289941244
54.735055266180936 3.9095375244672956
54.70403635182738 3.9117248274404615
55.32696145967047 3.942027277646102
54.59032703903114 3.9879837724361744
53.43721860445144 4.012717692757986
51.973176472718706 4.103981046150584
50.74701484393869 4.183897343830677
49.9795588433115 4.223696789826278
49.14793116968918 4.281874431559422
48.33014124500949 4.340052073292566
47.52595881804111 4.39822971502571
46.73515746878498 4.456407356758854
45.95751454472508 4.514584998491999
45.19281109813979 4.572762640225143
45.421897680825 4.575986375983742
45.06244011630541 4.625122517784973
44.24422836445599 4.697844569951403
43.440873119913725 4.770566622117834
42.65210462878065 4.843288674284265
41.877658035158404 4.916010726450695
41.11727329221374 4.988732778617125
40.370695074858844 5.061454830783555
40.565930581969475 5.075400507334811
39.62981662342002 5.179336907435983
38.870194545830586 5.265498154811116
38.43980963674704 5.31506558302004
37.17752469859046 5.463709432195129
36.704037936972355 5.52077160122359
36.41587208187294 5.555861303345091
35.53486461267353 5.664888943713244
35.23822457747483 5.702208349159284
34.82677150335604 5.754495474215524
34.11396206272341 5.846558147366045
33.69880211242229 5.901068625500974
33.32847669877372 5.950262033344204
33.03820137103413 5.989205389376365
32.277866458904235 6.092856767487679
32.02069617532618 6.1284684421025215
69.87870596352427 2.9670597283903604
68.83300813449357 3.025237370123506
67.80295861970338 3.0834150118566495
66.78832325041803 3.141592653589793
65.7888713621129 3.199770295322937
64.80437574203584 3.2579479370560818
63.834612577553216 3.3161255787892263
