83.36458468221835 -0.7204894737040148
82.6601413133181 -0.6997496237669216
82.81905903711046 -0.6797325812975925
82.5470401700173 -0.6641681586782204
83.23581375851097 -0.639967554595423
81.66201761594718 -0.6009888864677401
80.18684926998785 -0.5869853099005301
81.66201761594718 -0.575016320627395
80.03567543639869 -0.5706750820501804
80.71587144492827 -0.556668070158619
82.21101215184704 -0.4716474383406927
79.35400949876075 -0.4321489094101281
81.73825217431623 -0.4266274931268761
78.63124043481916 -0.41176790581089173
81.76364789836042 -0.37182256066115454
78.93429443131954 -0.3618234300851619
78.87289937649918 -0.31467520076644423
79.47165497607735 -0.28897540999256643
77.82621933015193 -0.24039574379166562
77.29980281715429 -0.21082758781311067
76.48529270389177 -0.19739555984988075
77.420569855034 -0.17951371047494025
76.45361802650389 -0.1506019489804602
74.62130460093833 -0.1463563338532196
76.79230966398532 -0.12673028699172081
75.30445701068922 -0.08995267374014891
75.06974842123611 -0.04311052780766995
75.01441614621676 -0.019605330857204686
68.5300429155485 -0.004291819142011206
74.42629479156801 0.019760273527176426
70.30949868642453 0.020917450819302335
69.75612485665543 0.03795644518831435
73.89438830410175 0.04379667684386316
70.43242608059597 0.06267929449123805
73.99265838452953 0.06762580484100811
69.50766057703808 0.10598435798959989
74.83430370078032 0.10631697064987694
73.14605950262288 0.11687383735953372
72.12661876830286 0.1349767498539234
69.21332551659214 0.140695132106014
73.37277433654005 0.1407632682419083
68.90266943066342 0.1672539374622611
71.90078708464188 0.16851113952384006
69.21832467337126 0.19239560151592244
70.85366761525385 0.22182066889156887
69.13328984437152 0.22743660306946167
68.98297267464734 0.25428552987473746
69.75612485665543 0.3217505543966422
69.52757039464775 0.38600514337174185
68.28725202354636 0.4886905420314255
67.89596152714462 0.5315044318571099
65.23977600898414 0.6317793733572828
65.3669440179225 0.66420022229242
64.21875460413862 0.714090698612158
58.70134368875258 0.7428706287776641
63.64504726624446 0.7723270124472665
63.23597810847588 0.8051324433190575
62.06509586367747 0.8390379347242634
63.7753952403455 0.850664809469996
63.90547734429402 0.8766473257215002
62.89030379493079 0.9113938455614609
62.08181899022409 0.9946197159329784
61.19485018023425 1.0749018353588367
59.5847801100352 1.1049412158611003
59.63702201203266 1.149066753684904
59.042240465361324 1.1986153817459748
57.87021632684868 1.2233279711932337
56.92373335160934 1.2392421649189584
56.765467840055244 1.2818209168023302
52.06630055975976 1.5538487969884918
