52.96894696480716 4.156732564137988
51.19506085605684 4.215334781052366
52.78571946967093 4.141386284602834
51.85319975912302 4.1700239572769195
50.67878353261867 4.209800028286844
46.876484982245174 4.386670192849014
52.29176862321588 4.135306379576667
51.350279561777114 4.164111095711904
50.452965523384314 4.193965931811142
49.88047998703525 4.214454022472523
46.51338312452214 4.370641092014897
52.12607819203034 4.119691575649627
50.23990886642385 4.177993503630276
46.37182356519146 4.342482912928132
45.21574579524338 4.4153247680436465
51.97317647271869 4.103981046150584
49.73458969132757 4.171969480114106
48.850099078003886 4.202951298972275
47.48520075410274 4.257051429396675
46.736025241384425 4.290969773496886
45.823869212664455 4.3378420082890266
45.01633690378743 4.3865062181025944
44.65360720790875 4.411468746024265
51.83317664095113 4.088181731425488
51.15449156154732 4.1068443167797195
46.95761174759703 4.2515424845059755
46.19988166374396 4.285761487257814
45.49801318906408 4.321078701922478
44.09214949465294 4.407514460834969
51.70618349641274 4.072300827622943
47.251444019603426 4.2125454877568504
43.53139900074357 4.403458236460948
55.32696145967047 3.9420272776461025
54.5142119814501 3.957515683904444
53.71493384196856 3.9734689483382444
54.495166605773434 3.9422568065340213
53.68271518873279 3.9579886368694757
54.488816667904544 3.9269908169872414
53.255602236292226 3.950424026866709
52.053007318830836 3.974954003864318
55.775439522958834 3.8896946867675743
54.9189399515133 3.9042674561456003
50.828771516148514 3.9843050260932813
55.37697171694921 3.881908601672494
51.59229308610301 3.951179646646078
57.20266889507625 3.8396225571347316
55.86222547745586 3.8599273585515723
54.981909575994514 3.8740101410831382
58.198146202892815 3.812387286386056
56.37399827634102 3.838334935119804
57.37179177391518 3.810729170904755
55.99833166076403 3.830278549083204
54.647343759150786 3.8508026968128535
58.41179432497324 3.7840867133780915
59.491792344838494 3.7583938773778116
58.53606228843289 3.770019527388118
56.64953265626303 3.7944392846905672
58.671863301352516 3.756014699710789
57.23895157892632 3.7737890024603447
57.85227578193264 3.753568096712364
58.00161076393545 3.7394402273818717
58.65416795663477 3.719859820630759
57.67256338566935 3.7310096833511266
60.831891563076255 3.6853288912835334
59.3287130635043 3.700717454959606
58.33473387674438 3.711415442064382
60.52966900991469 3.677012195526419
59.01879355831992 3.692268204502044
58.01950513214109 3.7028786900344897
60.23167498318702 3.6686126208604164
59.2177963524842 3.6786050120189513
57.708550636877 3.6942493052324163
61.47692058574407 3.645903061117342
61.19485018023425 3.6374871450258532
58.62466384613787 3.6613610452917755
60.91715402067991 3.6289938933910197
59.36369633796884 3.642916438727956
61.69043153164479 3.6116367638372093
61.42624350392478 3.6030989382403287
61.975829645173874 3.5776464189707617
62.80221052685028 3.5612435157248967
61.72968194651576 3.569008790086291
62.564845253478374 3.5526572009796573
62.87379570895343 3.540342010983655
62.64774923673688 3.5316889721020592
63.51987945915192 3.5160801867887117
63.30707280492464 3.507432265384507
63.09903239569809 3.4987266641105865
63.44902321322846 3.486799315832559
63.252391669431084 3.4780480303642864
63.61785782239162 3.4662671762616832
62.87379570895343 3.460384636737075
61.20050432883545 3.4694221604610975
63.63961030678929 3.437033490733513
64.03529519836594 3.4255704850080693
65.22916748401316 3.3000698213880506
65.1389252657356 3.2911523934634963
66.06723009733012 3.262082399577955
65.99910872838494 3.2532341264143607
65.93616499821081 3.2443682645700243
65.87841374778142 3.2354861592693354
65.82586864371 3.2265891709191217
65.77854216229287 3.2176786739108785
66.3233663751746 3.208160817365617
66.28683607382541 3.1993062671987587
66.25550835623596 3.190442648080875
66.22939060515955 3.181571340713083
66.20848898623825 3.1726937330317746
66.19280844074648 3.163811218916512
66.1823526797618 3.1549251968839385
66.7653537154369 3.145997911436604
66.7653537154369 3.1371873957429823
66.77053615382984 3.1283775639009335
66.78089982408802 3.119569782976818
66.7964423145601 3.1107654181281355
66.81716001127494 3.101965831335866
66.84304810213831 3.0931723801442192
66.87410058251044 3.0843864164106325
67.49727663351446 3.076183909584305
68.12491071706158 3.068132008496219
68.17060828472954 3.05952630484167
68.22134745909779 3.0509327663890478
68.27711700037102 3.0423526337341897
68.33790459292888 3.03378713571227
68.40369685875638 3.0252374883829187
68.47447937194934 3.0167048940428245
68.55023667425873 3.0081905402677407
68.6309522916355 2.999695598985628
69.2982621351221 2.992492842394709
69.38808170250091 2.9841093312653193
69.48276528233657 2.975748082063422
69.00303388345405 2.9659328005817045
69.68664415583822 2.9590966533417564
69.79579705968857 2.950808567653489
69.9097292386012 2.9425469302212335
70.02841736576892 2.9343127369067865
70.15183730178853 2.92610696208423
70.27996411781515 2.917930558108864
70.41277211918765 2.9097844548260543
69.97898844317065 2.8996720849053883
70.69232521491041 2.893586754503456
70.8390153091176 2.885536900745617
70.99027663816102 2.8775208335425013
70.57965634142289 2.8672998420596087
70.74125571062173 2.8592953002901904
70.9073668336392 2.8513277536607493
71.07795807820786 2.8433979507742713
71.25299726591972 2.835506614174646
71.43245169885563 2.8276544402532515
71.61628818616624 2.819842099193151
71.24814087297065 2.8093986146575975
71.9969722546777 2.8043394652681357
72.19375122725634 2.7966503817321637
71.84301417062836 2.786176067531132
72.04981936541017 2.778521962043836
72.26082131817944 2.770912112929965
74.1188141831543 2.772139621438999
71.92965614074595 2.7603269751806785
72.69526859517453 2.7558271213588075
73.46232233443322 2.7514211499342522
73.14605950262288 2.7409247070219322
72.83792502398258 2.73033828084154
73.07506686910301 2.7229596603635144
73.31616135321688 2.715629170989498
73.5611696123742 2.7083471233981538
73.27839506560582 2.697691131304225
73.53294109176878 2.69046675146825
75.37794047355369 2.693650559420126
73.79129833078261 2.683292587198139
75.63457037158418 2.686640477600765
75.3687589587995 2.6761998456627047
75.63457037158418 2.669249611577209
75.90400967749403 2.6623483890930135
76.17703838080469 2.6554963120114614
76.45361802650389 2.6486934937769693
76.21790832982109 2.638242257582851
75.99057490273675 2.6277273351897374
76.79230966398532 2.62482183178823
76.06794449655384 2.610456706239656
76.36757767806458 2.6038151550980047
76.6705530332353 2.5972258054002246
76.97683109839971 2.5906886095934354
77.28637260865243 2.584203503044739
77.1025919705772 2.573693161585906
77.420569855034 2.567287823415091
77.25054730436237 2.5567579380722982
77.57683990705858 2.5504354863737486
77.420569855034 2.5398922766693595
77.75504968080885 2.5336556500512444
77.61251459748827 2.5231052803206033
77.9550487099916 2.5169572308181802
78.30050356243879 2.5108632019492756
77.7060827356369 2.495820541887694
78.52996254488498 2.4943462439566737
77.9550487099916 2.4792258587748375
78.31817812118366 2.473303234759209
78.68402932354338 2.4674354824616316
78.59602814480137 2.4569163281814177
78.96935588916864 2.4511461965351007
78.89483166638878 2.440649206439261
79.27548218790326 2.4349784511814896
79.21435157097285 2.4245090720319844
79.16191632685374 2.4140246729379378
79.55433824477466 2.4085027510407624
79.51518320334547 2.3980548393223344
79.91453046806191 2.3926366828017773
79.46294646935574 2.377133837703054
79.87121987741193 2.3718182188128214
79.86255494072864 2.361402776431417
80.69443410484845 2.3613490837148845
80.69443410484845 2.3510398966698034
80.70300972421484 2.3407318051327586
80.3162003678118 2.3251164167089016
80.74587415943694 2.320127662876166
81.17753622488954 2.3151918427470175
81.61115501472437 2.310308354983409
81.65354271593048 2.300130853613741
81.70437892997035 2.2899649650761127
81.38187992804563 2.274326602267653
81.83133129802376 2.26967631883997
81.9074082694097 2.2595576626714013
81.99185544834067 2.249458817543209
82.08464700147282 2.2393817787725467
82.5470401700173 2.2349644854731174
83.01102607381137 2.230596488206208
83.11933306645192 2.220666776206844
82.88588060793136 2.2050712956752
83.01519434025003 2.1951644056349036
83.49315700364902 2.191045812777718
83.29814712752555 2.175447734719624
83.78275582129285 2.1714564821765165
84.26868381946143 2.1675111978042594
84.10427701231791 2.1520095099333467
84.27689574082177 2.1423434941909782
84.14540882894099 2.1268020947857895
84.64560763993347 2.123134213838272
84.2399357906149 2.1016352818755664
84.96386368031935 2.088654335270366
85.18756021406479 2.079236212005789
85.41877300691529 2.0698682477125026
85.9357207270982 2.0665921210342777
85.90350263351246 2.051287671944273
86.15689398198404 2.0420773753131964
86.41755076131686 2.0329218669558724
86.4295620962657 2.0177027298116137
86.46158416506246 2.002491344111224
86.75323952149596 1.9934956695313257
86.5855578230539 1.9721198855834103
87.12735776200398 1.9694825189802394
87.66975623993459 1.966877768359204
87.55127019920847 1.9456882900364736
87.88656577035295 1.9370090845034458
88.22843110564374 1.9283964942836036
87.6263299609321 1.909530386103155
88.18135606290836 1.9073137402329792
87.79990620388934 1.894665522089392
88.35775815176353 1.8925468811915387
88.5533483372035 1.8778420588136875
88.93934794261058 1.8695383899104456
89.33142675580848 1.8613070477612705
