82.97767240437068 -0.7151621267736015
82.73545618018045 -0.6897314905416265
82.91092481263972 -0.6697548339598133
82.65176875840429 -0.6541768597807395
83.3604338863244 -0.6300933025493495
81.00258443482595 -0.5890096525525532
80.03567543639869 -0.5706750820501804
81.34360458524331 -0.5689477385648543
80.90855190662047 -0.5466538334646592
80.44534347740229 -0.507808731545646
80.10481887452475 -0.4685736775292291
82.4715532376201 -0.4620527140213752
79.64562515001269 -0.4223487906312
82.03404643857638 -0.417132229540162
78.1323958437012 -0.33365475395495203
79.07882275054718 -0.2982254834114253
79.87121987741193 -0.27981710852324315
77.5545348922482 -0.2256618388792753
77.1788468070343 -0.20337456184579494
76.94985559971254 -0.18840030022508975
76.36757767806458 -0.1429863787920262
76.65249856548826 -0.11150467859813742
75.20790100582799 -0.07437237577901763
76.38116943974279 -0.073227901381857
75.04669826458208 -0.03527947359359127
75.00519013183556 -0.011764163149758748
70.32426131929013 0.02928033234577806
67.97236360854956 0.0302937599187751
74.45883189426775 0.03555812861145784
70.39802804724843 0.05433975721276864
74.03473420302197 0.07555312282996356
69.9295245822857 0.07999768653239922
73.66458164026518 0.10801172470004632
74.89900928380497 0.11412641801074289
72.56186955622636 0.11781913990083029
73.45761200342463 0.14869196701418255
69.2982621351221 0.14909981119508364
73.26422768871265 0.18164883000001195
69.10825968792317 0.18404076119776133
72.10742658601909 0.184596258831836
69.45287914943 0.20902294280626463
69.26829639750893 0.23571013348567063
71.55828558101513 0.2619261929332691
68.7216440421909 0.2730087030867106
69.04815029255693 0.28941681362754956
70.13210470766326 0.31114087293310727
69.20832599870664 0.3970794452249823
68.12491071706158 0.4037579999228278
66.95683679117157 0.4498960201075962
66.95166877350478 0.4695414503810681
66.97233845138648 0.48918233286716534
68.04867990909334 0.5003815609105915
66.7964423145601 0.5207845617153867
66.00435132976968 0.5694633187080013
66.41199916594887 0.6408438962696189
65.2715912387416 0.6768521283902603
62.11525173634811 0.8524117614422533
63.835049109479726 0.8636693039187263
63.986644367707285 0.8895945986600821
63.47083356001218 0.9300755630152152
62.912307838042715 0.9581553896411799
61.947907572372095 1.015719895719902
61.16657159731006 1.0963964440029892
60.63818614847548 1.1136562181245024
59.937972551907514 1.1620385803882443
59.59058702751415 1.2022050594822848
61.217463641278705 1.2733570910324703
52.71356299078437 1.5205593019355557
