53.164561394177746 4.171969480114106
51.437804685513676 4.230840470398132
52.96894696480716 4.156732564137988
50.91719310442415 4.225489748573421
52.47012661363809 4.150818788457757
51.25585459006401 4.189684162299951
50.67878353261867 4.209800028286844
46.019779108597994 4.447258006997288
45.589184050848566 4.48462301464393
45.11615152057722 4.5354509242269865
44.69233540877739 4.60027827186226
51.97317647271869 4.144791707523661
51.350279561777114 4.164111095711904
46.920753333952405 4.347015324639893
46.31956098781385 4.382606470198466
45.45235917988528 4.443866787573949
45.01633690378743 4.481672424656562
44.64585753634607 4.520161333183614
44.34256392878683 4.559235365597477
44.107842047688145 4.59878625962903
43.990011448810016 4.625361038473244
52.12607819203034 4.119691575649627
50.84919014505841 4.158081484183138
50.23990886642385 4.177993503630276
49.083291965525405 4.21925929959854
47.51433948554273 4.284736897452412
46.58771538628499 4.33071027086684
45.959588085884995 4.366351704271833
45.39141573951368 4.4029328884662
44.731030078717325 4.453057235984005
43.3162507363538 4.651240817735388
51.97317647271869 4.103981046150584
51.309832994638725 4.122796553057334
48.014199168572084 4.235043598011018
46.97971291531629 4.279543950797418
45.61194829197301 4.349844743120182
43.61081418853415 4.501766678686222
43.27629108694754 4.5416537689094065
43.09199943405868 4.568561426248241
51.83317664095113 4.088181731425488
45.27692569068709 4.333088875304857
55.345720601753264 3.9570569420362856
54.54593949663838 3.9727603567827914
53.76000751771244 3.9889270015380456
51.49159235297529 4.040324213752646
55.738204176707114 3.9344533650224904
54.5142119814501 3.957515683904444
53.71493384196856 3.9734689483382444
56.158759142040374 3.91217708587534
54.495166605773434 3.9422568065340213
53.28158533339768 3.966033466942408
57.474230723271404 3.8763096169097864
54.90633736057197 3.9194152043360457
50.88320298507909 4.000627922287206
56.643424231330854 3.8755656089692656
55.345720601753264 3.896924691938197
51.61911343651999 3.967291565291023
59.392833326244265 3.82174730935847
58.0314316454758 3.840873403409973
57.13609080058171 3.8541273368602416
55.81265002769701 3.8747994514001376
59.48597578319526 3.8078395916004757
58.10889431589554 3.8266099139042704
58.66006699798094 3.806153837830169
58.299133161099746 3.798211072556169
58.41179432497324 3.7840867133780915
58.53606228843289 3.770019527388118
57.117919669792286 3.788183350904639
58.671863301352516 3.756014699710789
57.714546330465836 3.76776624088569
58.33473387674438 3.747775072210339
58.488753244152534 3.7337793331394353
59.147636525683716 3.7144240074241868
58.162461883231344 3.7253877083343983
58.83088189343979 3.706021261675267
57.84031232716337 3.716902003768158
59.01879355831992 3.692268204502044
57.52237416355278 3.7083218711132995
61.25136817905563 3.6589519918938316
58.713131699050386 3.683730365227931
60.96257857209757 3.6505655700324757
59.42777885512783 3.6650358561819396
58.41179432497324 3.6751038008966295
61.71286339694925 3.6329517170807573
60.678117225525405 3.642099916334969
59.135935128561314 3.6564204726551264
61.95907791147427 3.6201011642554617
60.91715402067991 3.6289938933910197
59.880214916183334 3.638195360204897
57.822362503933824 3.657584204167839
61.69043153164479 3.6116367638372093
60.64389219781044 3.6204234775328166
59.60219916520463 3.629518052306135
61.95349299367751 3.598870921971936
60.900111078813026 3.6074000864460056
59.3287130635043 3.620760080713026
62.226564493950036 3.586215074217621
62.5095148466758 3.573671806102821
61.443140508692544 3.58169001347008
62.80221052685028 3.5612435157248967
63.104515930287015 3.5489324154011217
62.87379570895343 3.540342010983655
63.19218776997446 3.5281490865296274
62.97277931182691 3.5194971285077936
63.30707280492464 3.507432265384507
63.65048376128011 3.4954958663571416
63.44902321322846 3.486799315832559
63.252391669431084 3.4780480303642864
63.61785782239162 3.4662671762616832
63.813363245637845 3.4458522805157856
65.42514674794103 3.3178273513264687
65.32458218819531 3.3089619047046797
66.21894062038304 3.279720881817155
65.55723350669935 3.2720688849820423
65.48329774634922 3.2631621400205466
65.99910872838494 3.2532341264143607
65.93616499821081 3.2443682645700243
65.87841374778142 3.2354861592693354
65.82586864371 3.2265891709191217
66.36509066908272 3.217004926390757
66.3233663751746 3.208160817365617
66.28683607382541 3.1993062671987587
66.25550835623596 3.190442648080875
66.22939060515955 3.181571340713083
66.20848898623825 3.1726937330317746
66.19280844074648 3.163811218916512
66.77053615382984 3.154807743278653
66.7653537154369 3.145997911436604
66.7653537154369 3.1371873957429823
66.77053615382984 3.1283775639009335
66.78089982408802 3.119569782976818
66.7964423145601 3.1107654181281355
66.81716001127494 3.101965831335866
67.43059997618877 3.093594612577288
67.4613820069211 3.084884959090605
68.08426490774268 3.0767486260365864
68.12491071706158 3.068132008496219
68.17060828472954 3.05952630484167
68.22134745909779 3.0509327663890478
68.27711700037102 3.0423526337341897
68.33790459292888 3.03378713571227
68.40369685875638 3.0252374883829187
69.05817215846733 3.017765921011854
69.13328984437152 3.009322257074299
69.21332551659214 3.000897521483779
69.2982621351221 2.992492842394709
69.38808170250091 2.9841093312653193
69.48276528233657 2.975748082063422
69.58229301862725 2.9674101705071454
69.68664415583822 2.9590966533417564
69.79579705968857 2.950808567653489
69.9097292386012 2.9425469302212335
70.02841736576892 2.9343127369067865
70.15183730178853 2.92610696208423
70.27996411781515 2.917930558108864
70.41277211918765 2.9097844548260543
70.55023486947728 2.901669559120128
70.69232521491041 2.893586754503456
70.8390153091176 2.885536900745617
70.99027663816102 2.8775208335425013
70.57965634142289 2.8672998420596087
70.74125571062173 2.8592953002901904
70.9073668336392 2.8513277536607493
71.07795807820786 2.8433979507742713
71.25299726591972 2.835506614174646
71.43245169885563 2.8276544402532515
71.61628818616624 2.819842099193151
72.36130989382498 2.8147007563198922
71.9969722546777 2.8043394652681357
72.19375122725634 2.7966503817321637
71.84301417062836 2.786176067531132
73.7021500392982 2.787025601716566
72.04981936541017 2.778521962043836
73.90843488672213 2.779561631574044
72.26082131817944 2.770912112929965
73.57057671233432 2.769252390423766
72.47598337442525 2.7633470111338543
73.78660900068569 2.761826468792286
75.09739927029851 2.7603590038783796
73.46232233443322 2.7514211499342522
74.77416980875304 2.7501298120693676
75.00057669905154 2.7428799853652723
75.2309017712461 2.735674173620282
74.92672314221709 2.7253611471995214
75.16648189186455 2.7182034911118897
74.87590656601792 2.7078131367671627
75.65744142453256 2.7040260858797396
75.37794047355369 2.693650559420126
75.63457037158418 2.686640477600765
75.3687589587995 2.6761998456627047
75.63457037158418 2.669249611577209
75.90400967749403 2.6623483890930135
76.17703838080469 2.6554963120114614
75.935913609955 2.6450279958294
76.21790832982109 2.638242257582851
76.5033866315078 2.6315068541254494
75.77169313779955 2.6171504887141985
76.06794449655384 2.610456706239656
76.36757767806458 2.6038151550980047
77.17436331412898 2.601173153319209
76.47624413473126 2.586662298546335
77.28637260865243 2.584203503044739
77.1025919705772 2.573693161585906
77.420569855034 2.567287823415091
77.25054730436237 2.5567579380722982
77.57683990705858 2.5504354863737486
77.90620747173975 2.5441662452525584
77.75504968080885 2.5336556500512444
78.09252785365828 2.5274726880396035
77.9550487099916 2.5169572308181802
77.82621933015193 2.5064057900983663
78.17666976471772 2.5003488773054983
78.06150533980853 2.4898023601242834
78.41972952796225 2.4838389465586594
78.31817812118366 2.473303234759209
78.68402932354338 2.4674354824616316
79.0525645281512 2.4616222413152364
78.96935588916864 2.4511461965351007
78.89483166638878 2.440649206439261
79.27548218790326 2.4349784511814896
79.21435157097285 2.4245090720319844
79.60216825131975 2.4189392454179597
79.55433824477466 2.4085027510407624
79.51518320334547 2.3980548393223344
79.48471594718164 2.38759777572969
79.8885469313083 2.3822302723747324
79.87121987741193 2.3718182188128214
80.2817271198282 2.3665568135826227
80.69443410484845 2.3613490837148845
80.69443410484845 2.3510398966698034
80.29465632226116 2.335472068299861
80.72015822975497 2.3304269987233432
81.1476931088359 2.3254349641218752
81.57722899594863 2.320495377513021
81.61115501472437 2.310308354983409
82.04669950494035 2.30547660094555
81.70437892997035 2.2899649650761127
81.76364789836042 2.27981276667491
81.83133129802376 2.26967631883997
81.9074082694097 2.2595576626714013
82.36239441541771 2.2550183011547844
82.4505723801427 2.2449801660120166
82.91092481263972 2.240551160754709
83.01102607381137 2.230596488206208
83.11933306645192 2.220666776206844
82.88588060793136 2.2050712956752
83.70838324567937 2.2065674419792405
83.49315700364902 2.191045812777718
83.63394453330952 2.1812341897803798
84.11661866915587 2.177225554521213
83.93954819311962 2.16171437397724
84.10427701231791 2.1520095099333467
83.96015697030056 2.1364508537058153
84.45735600111433 2.132717889051712
84.9557181621279 2.1290286696778686
84.33845966429975 2.1171966169978305
84.53925604799696 2.107635890091686
84.74774292449239 2.0981213374400056
85.25658403376988 2.094649295455966
85.4754664410894 2.0852476398539253
85.70186514062173 2.0758948338538943
85.9357207270982 2.0665921210342777
86.17697249402124 2.0573406970170858
86.42555850342974 2.0481417091685685
86.41755076131686 2.0329218669558724
86.68540743165309 2.0238221804885406
86.17697249402124 2.011547174574318
86.70935422851818 2.0086529941856135
86.75323952149596 1.9934956695313257
86.8170330743565 1.9783571458880402
87.35739739079189 1.975688113079979
87.89837636426539 1.973051915320351
87.76837241986337 1.9519249813627209
87.88656577035295 1.9370090845034458
87.47219034095913 1.9244509456765613
88.4360461353591 1.934627288633429
88.02425743051612 1.9221365511031276
87.43262358993964 1.9031847777670805
87.98887158323687 1.9010033392267083
88.54553302502121 1.8988493187528324
88.17350777897205 1.8862178517753367
88.73291053360475 1.8841613335122638
89.1142495954988 1.8758469724490876
88.60022573334675 1.856847768512214
89.16471286759827 1.8549862665670602
89.25392414778494 1.8341582105826824
