83.0401995450663 -0.7051687369235511
82.81905903711046 -0.6797325812975925
83.49315700364902 -0.6202494859828215
80.67728013147051 -0.5829470348903684
80.21704984917602 -0.5605425697960571
81.52631349685538 -0.558981724502742
80.60433501697916 -0.5404195002705842
80.67728013147051 -0.49789196565079996
78.56520444497659 -0.4954626659204205
81.79749659877734 -0.4105574480418505
79.48036252862502 -0.39906094857613383
79.03067601169215 -0.3853439344000914
79.43681522100913 -0.3358011519521925
77.94173140756939 -0.3265237878353183
78.90798811422893 -0.29109977914137536
77.42503909072758 -0.21825691458287888
77.63925985788555 -0.1944238003960516
76.84185890695784 -0.1808805449637135
77.1250276900681 -0.1569983876670245
77.53222346057467 -0.1408240936425206
76.20882801308538 -0.12770586759630503
76.58927441239604 -0.10387191394298931
75.16648189186455 -0.06656816377582381
75.01441614621676 -0.019605330857204686
75.00057669905154 0.0039215485247600015
67.99272299755937 0.03894134309703925
74.48206397966749 0.04345089539153084
70.36853063554922 0.04599264736156945
69.84535562528224 0.06320683189746022
69.97898844317065 0.0883767861448488
74.13281824188549 0.0913782778817592
73.73031377628996 0.11594351554400978
74.45883189426775 0.13072433516542462
69.71643007811983 0.13115761070157025
69.38808170250091 0.15748332232447285
73.64109165827756 0.16449207869086274
74.42164547279839 0.17879305480292143
69.21832467337126 0.19239560151592244
72.21771198172533 0.19260326426862212
73.4858694606019 0.19739555984988075
72.4521080333589 0.20854159506967349
69.57732001311643 0.2172934309230211
71.26270905896116 0.24597966379353
68.98297267464734 0.25428552987473746
70.99027663816102 0.26407182004729196
68.88257899194335 0.28123220191829523
69.21832467337126 0.2975617247378059
69.94436741348063 0.32972910849878123
68.47447937194934 0.346202201894759
67.67135113699062 0.387770171875319
69.67174641944142 0.4126521626465833
68.05884895011981 0.4230509704653659
68.8021585723984 0.446440894336601
66.68756881091134 0.46167522497075997
67.53315218171456 0.5045604387762455
66.29727535670817 0.6532612247751955
63.53077340588711 0.8837638850298173
64.07850937187756 0.9025069079643125
63.59609789774896 0.9430201012293364
63.060634302359475 0.9711512997567066
62.57590546397773 0.999741253053734
62.14309861828869 1.0287534513269896
61.42624350392478 1.1092900421443608
59.48015865275077 1.1801892830972098
59.72978368304651 1.2241288119049554
59.532492363908496 1.2646695010187312
56.85682863067299 1.3145257973217193
52.66759376054645 1.5428706274022843
