46.74342838181441 4.438410815653079
46.29714468016718 4.475114325085325
45.596773394009325 4.550421628398654
46.51338312452214 4.410635759961198
45.8691534558283 4.459634424216758
45.589184050848566 4.48462301464393
45.33802302901981 4.509904405942976
45.01633690378743 4.5483144164130564
46.31956098781385 4.382606470198466
45.01633690378743 4.481672424656562
44.76196173083883 4.507261615846772
44.2566437840822 4.572371622814822
47.03859859504178 4.307497194099606
45.763420517258616 4.378443908539795
45.04707264989879 4.427811376951724
43.958536613227594 4.530740150384678
43.76130600329687 4.557184726531791
43.5234495121819 4.597254177194029
48.014199168572084 4.235043598011018
46.736025241384425 4.290969773496886
46.042330455480055 4.325951474720266
45.40665926802316 4.361957768032822
44.162722071462554 4.449641589782081
47.49248711301537 4.2293532193700445
43.594942724378804 4.446136931233764
42.428445769090146 4.580295533259822
48.72953389935556 4.159547758792151
47.82645964541525 4.190954540612946
55.37697171694921 3.9720730323019886
54.59032703903114 3.9879837724361744
49.852724275079076 4.103112990813061
55.75061872203101 3.9493751373265313
54.54593949663838 3.9727603567827914
53.76000751771244 3.9889270015380456
56.152597329519956 3.9269908169872414
54.5142119814501 3.957515683904444
53.3205362386303 3.981623896226601
54.90633736057197 3.9345664296384366
50.95116054856528 4.016911606022494
55.32696145967047 3.91195435632838
51.659317853677344 3.9833825779132006
56.643424231330854 3.8755656089692656
56.25110533323832 3.867800778059121
58.56561103452905 3.820255144338106
55.86222547745586 3.8599273585515723
54.54593949663838 3.881221277191691
58.198146202892815 3.812387286386056
56.82639135406418 3.8316921293953983
58.76614848373558 3.792100654716442
57.94192295726954 3.790169860916376
58.53606228843289 3.770019527388118
58.19220033587659 3.7618421395726145
59.30537941605012 3.736472727793592
58.33473387674438 3.747775072210339
58.97773904128697 3.7282121321548964
58.00161076393545 3.7394402273818717
59.147636525683716 3.7144240074241868
57.67256338566935 3.7310096833511266
58.83088189343979 3.706021261675267
58.518325878888746 3.6975281499810686
59.2177963524842 3.6786050120189513
58.919040107568215 3.6700264264706846
60.678117225525405 3.642099916334969
59.64862510996084 3.651564713291206
59.880214916183334 3.638195360204897
59.60219916520463 3.629518052306135
59.3287130635043 3.620760080713026
59.5847801100352 3.6074477645235894
59.32288051206832 3.5985884759972406
59.596393379182174 3.585375326339434
59.34620727846979 3.5764234081500845
59.63702201203266 3.5633222266997855
59.937972551907514 3.550350399996445
61.33604753033569 3.530113106679837
59.70660677624851 3.5413098418179776
60.56967162786395 3.524804163869201
60.900111078813026 3.5122338798920385
61.24006875209438 3.499801210372633
60.483919336216104 3.4941027340569044
61.39243554273207 3.478493563861205
61.20050432883545 3.4694221604610975
61.572530162307245 3.4573009854457344
60.831891563076255 3.4511114021498046
61.78011012389356 3.4362414116912396
61.611855687405445 3.4271053022557996
61.44877181110641 3.4179199285648583
61.85847224297812 3.406176647573862
62.276590324311634 3.3945894724869197
61.138279934558206 3.3994060844864737
61.561289683885384 3.387730064749605
61.99257685219325 3.376214955111338
61.85847224297812 3.3669659858594523
62.30436509615198 3.3556533371536146
62.18206330236874 3.346409227486299
62.06509586367747 3.337129479520772
61.847283733324225 3.318468705779322
62.72502742720759 3.2874684670393965
61.561289683885384 3.290246362129742
62.642225718013684 3.27817767316566
62.564845253478374 3.2688630917713297
63.0770934902948 3.2584289928242507
63.59609789774896 3.2481640956606714
63.53621967879946 3.238958224017535
63.481735923395725 3.2297357675809324
64.60553716614352 3.2190628687684035
63.43266053182169 3.220498254281536
63.97582804774366 3.2106072956651004
63.93795651830784 3.201428972913665
63.31800336533844 3.192710872498471
63.87839875098326 3.1830435516479842
66.20848898623825 3.1726937330317746
63.85672760876221 3.173839536025047
66.78089982408802 3.1636155242027675
63.84046942443469 3.1646300518962494
66.77053615382984 3.154807743278653
65.00598854500102 3.155166480508162
63.82962833423987 3.155416657711799
66.7653537154369 3.145997911436604
66.7653537154369 3.1371873957429823
66.77053615382984 3.1283775639009335
66.78089982408802 3.119569782976818
67.38440056456959 3.1110344833122934
67.40493754567488 3.1023115596564494
68.01816366409265 3.09400955031281
68.04867990909334 3.085374896490162
68.08426490774268 3.0767486260365864
68.12491071706158 3.068132008496219
68.17060828472954 3.05952630484167
68.22134745909779 3.0509327663890478
68.27711700037102 3.0423526337341897
68.33790459292888 3.03378713571227
68.98798852375414 3.0262273692738564
69.05817215846733 3.017765921011854
69.13328984437152 3.009322257074299
69.21332551659214 3.000897521483779
69.2982621351221 2.992492842394709
69.38808170250091 2.9841093312653193
69.48276528233657 2.975748082063422
69.58229301862725 2.9674101705071454
69.68664415583822 2.9590966533417564
69.79579705968857 2.950808567653489
69.9097292386012 2.9425469302212335
70.02841736576892 2.9343127369067865
70.15183730178853 2.92610696208423
70.27996411781515 2.917930558108864
70.41277211918765 2.9097844548260543
70.55023486947728 2.901669559120128
70.69232521491041 2.893586754503456
70.8390153091176 2.885536900745617
70.99027663816102 2.8775208335425013
70.57965634142289 2.8672998420596087
70.74125571062173 2.8592953002901904
70.9073668336392 2.8513277536607493
71.07795807820786 2.8433979507742713
71.25299726591972 2.835506614174646
71.43245169885563 2.8276544402532515
71.80447307056279 2.812070234949932
71.9969722546777 2.8043394652681357
72.19375122725634 2.7966503817321637
71.84301417062836 2.786176067531132
74.25407611753852 2.7897759741441064
72.04981936541017 2.778521962043836
73.35862518663608 2.7767216366566494
73.57057671233432 2.769252390423766
72.9186397821686 2.748352882319713
73.14605950262288 2.7409247070219322
73.37749011354451 2.733542983064961
73.31616135321688 2.715629170989498
73.5611696123742 2.7083471233981538
75.41006697180451 2.7110917130821672
73.81005267192624 2.701113803627681
75.12503994206978 2.700708187425276
75.37794047355369 2.693650559420126
75.63457037158418 2.686640477600765
75.8948918048911 2.6796781451068163
76.158866918965 2.672763743804749
76.42645785464359 2.665897434734802
76.17703838080469 2.6554963120114614
76.45361802650389 2.6486934937769693
75.703162801375 2.6344941491974563
75.99057490273675 2.6277273351897374
76.28144028194467 2.6210118200981327
76.5757195881947 2.614347621616867
77.38033511801159 2.611603022826495
76.6705530332353 2.5972258054002246
77.47864981058065 2.5946628286326803
77.28637260865243 2.584203503044739
77.59913851053925 2.577770404622033
77.420569855034 2.567287823415091
77.74169811817579 2.5609351435524914
78.06593788227646 2.5546349817413265
77.90620747173975 2.5441662452525584
78.23861116364866 2.537950032389155
78.09252785365828 2.5274726880396035
77.9550487099916 2.5169572308181802
78.30050356243879 2.5108632019492756
77.35350033347444 2.50189380784186
77.7060827356369 2.495820541887694
78.52996254488498 2.4943462439566737
78.41972952796225 2.4838389465586594
78.78071708281821 2.477929975341013
78.68402932354338 2.4674354824616316
79.0525645281512 2.4616222413152364
78.96935588916864 2.4511461965351007
79.34528807991329 2.4454305530111604
79.27548218790326 2.4349784511814896
79.65865759667186 2.429362071879895
80.0443216324902 2.4237996394243257
79.55433824477466 2.4085027510407624
79.51518320334547 2.3980548393223344
79.91453046806191 2.3926366828017773
79.8885469313083 2.3822302723747324
80.29465632226116 2.3769169120848286
80.70300972421484 2.3716571752519293
80.69443410484845 2.3613490837148845
80.2817271198282 2.345832166802067
80.70300972421484 2.3407318051327586
81.12636987609737 2.3356845460528994
81.55177521993309 2.33068981771385
81.57722899594863 2.320495377513021
82.00873444915217 2.315607653944758
81.21588983225926 2.304957322788926
81.65354271593048 2.300130853613741
81.70437892997035 2.2899649650761127
81.76364789836042 2.27981276667491
82.21101215184704 2.2751540955493397
82.28253292718628 2.265076937119664
82.36239441541771 2.2550183011547844
82.81905903711046 2.2505289080924893
82.91092481263972 2.240551160754709
83.37288565405265 2.2361711517217238
82.76472678623425 2.215008167522523
83.58842157531919 2.216408621754889
83.3604338863244 2.200889629344246
83.49315700364902 2.191045812777718
83.97251980883378 2.1869741740402873
84.45325891388958 2.182948823739981
83.78275582129285 2.1714564821765165
84.26868381946143 2.1675111978042594
84.42867221531749 2.157832747068232
84.27689574082177 2.1423434941909782
84.7722370822594 2.138589939871734
84.14540882894099 2.1268020947857895
84.64560763993347 2.123134213838272
85.45522310373627 2.125382529789677
84.84159879335814 2.113593943866558
85.04527595309287 2.1040985095242704
85.25658403376988 2.094649295455966
85.76644071512573 2.091218493092331
85.70186514062173 2.0758948338538943
85.9357207270982 2.0665921210342777
86.17697249402124 2.0573406970170858
86.42555850342974 2.0481417091685685
86.68141565565945 2.0389962563971427
86.4295620962657 2.0177027298116137
86.96039746139388 2.0147792999925347
86.99620164320982 1.999662204543771
87.2900347863969 1.9907312260365444
87.59078335486973 1.9818608741847612
87.66975623993459 1.966877768359204
87.76837241986337 1.9519249813627209
87.12735776200398 1.9331228888342835
88.09891421079551 1.943243361975572
87.67764961616234 1.9307448528223023
88.22843110564374 1.9283964942836036
87.6263299609321 1.909530386103155
88.18135606290836 1.9073137402329792
88.35775815176353 1.8925468811915387
88.91600172815801 1.8904548340344007
88.20489672477585 1.865127594352355
89.1142495954988 1.8758469724490876
88.76799978295742 1.863205199690265
89.33142675580848 1.8613070477612705
