83.11100677026349 -0.6951913799264565
82.5470401700173 -0.6641681586782204
82.53865614235228 -0.628534300568663
83.29814712752555 -0.6046514079247276
80.84865608228388 -0.5728675332844503
80.100499158232 -0.5441978198225839
81.41163719813204 -0.5428978099426028
80.81012818087221 -0.5304323167316688
80.39801509023607 -0.4914636732960085
78.80706588382792 -0.4853470405859672
80.10481887452475 -0.4685736775292291
79.48036252862502 -0.39906094857613383
78.81145649422098 -0.37842737802867704
79.2449227740625 -0.3287926915049544
78.1323958437012 -0.30984635483833234
78.7411773494696 -0.28394351903838294
78.10581944478828 -0.1855792708335767
76.63895492348983 -0.16577959215741267
79.20124601445495 -0.1303429469306747
76.1361464927676 -0.1200426111208015
74.89900928380497 -0.11412641801074289
76.47624413473126 -0.08857075374982579
75.00519013183556 -0.011764163149758748
75.00519013183556 0.011764163149758748
68.04867990909334 0.056217757099631185
74.54243351584162 0.05921921471221139
70.03335833927156 0.09674346233893974
73.60349209407735 0.10006626678432344
69.57234665213701 0.11439203107265948
73.87565537270993 0.13176226647792647
69.79579705968857 0.13951326889294935
72.79040394567402 0.14189705460416394
70.55023486947728 0.15486802523009655
69.58229301862725 0.17418248308264742
73.02770010550081 0.20687394897974307
69.45287914943 0.20902294280626463
69.26829639750893 0.23571013348567063
70.13703837666041 0.33766433024524956
67.35358335167788 0.39915790417016783
69.37311985045409 0.4238204829554705
66.69794537281503 0.48139722405730373
67.30733107625792 0.5164360937805921
68.40369685875638 0.5271459435864095
67.18898616285036 0.5479268667351412
68.12491071706158 0.5700404636997103
65.99910872838494 0.601598799078296
66.55772529051568 0.6726705518070707
64.49296520205621 0.7595974382960238
65.30868941798488 0.7981363278875127
63.7753952403455 0.850664809469996
62.248803159656724 0.8790828447609427
63.61785782239162 0.8967774061065268
63.82420709859784 0.9226869556914917
62.7581175217907 1.0126937823990438
62.34877899537835 1.0417032029993347
60.911473569901 1.126584714980913
60.951225607974344 1.1481624226606058
59.63702201203266 1.149066753684904
59.80504659822545 1.1930296688550752
59.532492363908496 1.2334220437777776
59.153486356231674 1.252190416120696
57.32955782745966 1.2847448850775784
56.71058071822157 1.3245598026962146
52.647880374792656 1.5652097927342405
