53.61176599672125 4.428814313788595
53.14503235174309 4.460699008626503
55.0007864051989 4.322945403294079
54.56496715052991 4.342893169315372
54.15120442960129 4.36315393971112
53.76000751771244 4.383718121237807
53.3918724294484 4.404574805894204
52.88395600527788 4.43638114318825
52.430543938779266 4.468770860636021
55.157842082994826 4.28929192272238
54.45705587209113 4.318844224808974
53.8050434342538 4.3491397731981944
53.20359797391754 4.3801493001928264
52.8315859177844 4.401201413391101
52.48331420457547 4.42254249047307
51.58558581968283 4.488154229275594
51.22208920129409 4.521750074470594
55.12018953267167 4.265446261272695
54.622010342359516 4.284870221896659
52.84468330525994 4.365995528193434
52.45693570736122 4.387092341561009
51.1477268839772 4.474383704918697
50.64463340506637 4.519549197672038
50.43238647472805 4.542446475838094
50.164090604327406 4.577125327655264
54.59032703903114 4.26078898123807
52.49649848267194 4.351651099537015
51.89989032663706 4.383470089990955
50.30873540580689 4.494354149834759
50.067428582305794 4.517297563922614
49.852724275079076 4.540450882560945
49.58129181727617 4.575525440316916
54.59032703903114 4.236693761529697
54.06167181896609 4.256040511827581
49.86660406215809 4.480285142309534
48.920880972808625 4.585796853104718
48.786307569115884 4.609720936768105
56.09094197485275 4.166573849022184
54.90633736057197 4.203209313544374
54.34256330769842 4.22211328419584
55.589013377685504 4.161080618292868
54.68532187951118 4.188573120228874
54.106456643537754 4.207402405270602
47.68154162529465 4.594919875473064
47.55801410784888 4.6194894552712755
47.35385457650301 4.706177880131824
47.39767707797022 4.75583987577622
47.46333496594993 4.780605947283046
55.08879274866341 4.155487456279104
53.30755576585841 4.2117212555099535
46.97234701484528 4.618327745756703
46.876484982245174 4.643316648220604
46.787822625345164 4.680952799028415
46.787822625345164 4.743825161740964
46.83956272936587 4.768932417329507
54.59032703903114 4.1497919707466355
46.38674491496713 4.617136702965923
46.18489994250244 4.693283025266249
46.334499167993485 4.795003064193335
54.09366476283566 4.143991707694327
45.63470117747123 4.66725835532994
45.86160918711678 4.821629771910933
54.57764856773688 4.110934273524416
45.421897680825 4.848791584785637
54.43163389212278 4.09590832077867
53.430742935668036 4.122859660466061
45.11615152057722 4.889327036542393
53.95275390542395 4.08960464558519
52.29176862321588 4.135306379576667
44.76196173083883 4.917516344922607
54.533250705656194 4.057022193328933
53.47605614959726 4.08318832682591
44.44389176895892 4.946132161253591
55.545423912749634 4.016972738190164
54.068071922198996 4.0503916133503175
43.61081418853415 4.9230112820831575
44.162722071462554 4.975136370987299
56.25110533323832 3.9861808559153618
55.09507353682071 4.010132048875683
54.34256330769842 4.026659469478403
53.60531141374617 4.04364625242831
43.75339828620968 4.991612000161547
56.20802932458701 3.9714060322341522
55.42069367300658 3.9870688072886287
54.647343759150786 4.003178937161628
53.14503235174309 4.036783734141264
43.53139900074357 5.021319724308431
55.775439522958834 3.9642869472069084
54.59032703903114 3.9879837724361744
55.75061872203101 3.9493751373265313
54.9441364613904 3.96485150425188
54.9189399515133 3.9497141778288825
56.58230371260617 3.9049355702937265
55.320706998712254 3.9269908169872414
56.60675983940055 3.890242661944246
54.07447126793358 3.9346829729628903
56.20802932458701 3.8825756017403306
58.48283692274916 3.8343991871796903
56.69227320217853 3.8609106961204485
55.81265002769701 3.8747994514001376
58.56561103452905 3.820255144338106
56.7532752892321 3.8462841511956842
58.66006699798094 3.806153837830169
57.28125233016568 3.825154537833223
56.37399827634102 3.838334935119804
58.76614848373558 3.792100654716442
57.83432967175565 3.8044199418677276
58.41179432497324 3.7840867133780915
59.012930375953154 3.764159632526824
58.061237210689775 3.775975474065882
59.63702201203266 3.7446420011012758
57.714546330465836 3.76776624088569
59.30537941605012 3.736472727793592
59.4685226847903 3.7227366541208604
61.138279934558206 3.693562795263279
58.65416795663477 3.719859820630759
61.33604753033569 3.680367418501361
58.83088189343979 3.706021261675267
61.03632136647455 3.672095123606274
60.024504799878095 3.682012153860377
59.01879355831992 3.692268204502044
61.76330530624913 3.6542415172669562
58.713131699050386 3.683730365227931
61.99257685219325 3.6413180197046864
61.71286339694925 3.6329517170807573
62.48183126921238 3.6157661896223243
61.69043153164479 3.6116367638372093
62.48183126921238 3.5947143355588738
62.226564493950036 3.586215074217621
63.04417081735981 3.5697645470331825
63.339858827305385 3.5574596089408397
63.104515930287015 3.5489324154011217
63.4162936285136 3.5367405338880467
63.19218776997446 3.5281490865296274
63.51987945915192 3.5160801867887117
63.85672760876221 3.5041368908543005
63.65048376128011 3.4954958663571416
63.44902321322846 3.486799315832559
63.80794062808509 3.4750044869498566
63.61785782239162 3.4662671762616832
64.85677593037636 3.365672269732712
65.18140775524121 3.3460677411803688
65.641629545676 3.335473289426435
64.95273767508102 3.3283314232728407
65.32458218819531 3.3089619047046797
65.81009693148528 3.298659214553232
65.72065240279599 3.2898187376101586
65.63635797246275 3.2809548593772786
66.14051310693351 3.2709117551816744
66.06723009733012 3.262082399577955
65.99910872838494 3.2532341264143607
65.93616499821081 3.2443682645700243
65.87841374778142 3.2354861592693354
64.70721923752626 3.2371907722536335
65.82586864371 3.2265891709191217
65.77854216229287 3.2176786739108785
66.3233663751746 3.208160817365617
66.28683607382541 3.1993062671987587
66.25550835623596 3.190442648080875
66.81716001127494 3.18121947584372
66.7964423145601 3.1724198890514512
66.78089982408802 3.1636155242027675
66.77053615382984 3.154807743278653
66.7653537154369 3.145997911436604
66.7653537154369 3.1371873957429823
67.35872053293404 3.1284929662700165
67.36899372024858 3.1197620610855097
67.38440056456959 3.1110344833122934
67.99272299755937 3.102651310492753
68.01816366409265 3.09400955031281
68.04867990909334 3.085374896490162
68.08426490774268 3.0767486260365864
68.12491071706158 3.068132008496219
68.17060828472954 3.05952630484167
68.22134745909779 3.0509327663890478
68.86248269189363 3.0431989685335896
68.92275401317947 3.0347054428299813
68.98798852375414 3.0262273692738564
69.05817215846733 3.017765921011854
69.13328984437152 3.009322257074299
69.21332551659214 3.000897521483779
69.2982621351221 2.992492842394709
69.96909846842698 2.985427839517012
69.48276528233657 2.975748082063422
69.58229301862725 2.9674101705071454
69.68664415583822 2.9590966533417564
69.79579705968857 2.950808567653489
69.9097292386012 2.9425469302212335
70.02841736576892 2.9343127369067865
70.72658011630492 2.9278853269017233
70.27996411781515 2.917930558108864
70.41277211918765 2.9097844548260543
70.55023486947728 2.901669559120128
70.69232521491041 2.893586754503456
70.8390153091176 2.885536900745617
70.99027663816102 2.8775208335425013
71.14608004579277 2.8695393642251155
71.30639575889786 2.8615932795076464
71.47119341307568 2.8536833412743547
71.64044207831544 2.8458102864047063
71.25299726591972 2.835506614174646
71.61628818616624 2.819842099193151
71.80447307056279 2.812070234949932
71.9969722546777 2.8043394652681357
72.19375122725634 2.7966503817321637
72.3947750891431 2.7890035498504933
72.47598337442525 2.7633470111338543
72.69526859517453 2.7558271213588075
75.09739927029851 2.7603590038783796
75.31824062099575 2.753109650877981
73.68806413421207 2.744038261832012
75.00057669905154 2.7428799853652723
75.2309017712461 2.735674173620282
75.46510914960594 2.728512718675784
75.16648189186455 2.7182034911118897
74.09546820355816 2.711680021163911
75.41006697180451 2.7110917130821672
75.65744142453256 2.7040260858797396
75.90856820309284 2.6970068603152555
76.16341019087258 2.6900342656282348
76.42193022088045 2.683108509887745
76.158866918965 2.672763743804749
76.42645785464359 2.665897434734802
76.69762676613334 2.6590793585673165
76.97233583846256 2.6523096360673097
75.935913609955 2.6450279958294
76.21790832982109 2.638242257582851
76.5033866315078 2.6315068541254494
76.79230966398532 2.62482183178823
77.59467930248415 2.6219763936327283
76.06794449655384 2.610456706239656
77.38033511801159 2.611603022826495
77.17436331412898 2.601173153319209
77.47864981058065 2.5946628286326803
77.28637260865243 2.584203503044739
77.59913851053925 2.577770404622033
77.91508997411697 2.5713892172709265
78.23418840439338 2.5650598285869908
78.06593788227646 2.5546349817413265
78.39325053921291 2.548387183357992
78.23861116364866 2.537950032389155
78.09252785365828 2.5274726880396035
78.43296567009455 2.5213431676069717
77.47864981058065 2.512517271451772
77.82621933015193 2.5064057900983663
78.64884066792278 2.5048229315316526
78.52996254488498 2.4943462439566737
78.8860594821597 2.48839759044737
78.78071708281821 2.477929975341013
79.14443019221143 2.4720751113361352
79.0525645281512 2.4616222413152364
79.42374637279002 2.4558631426835067
79.34528807991329 2.4454305530111604
79.72378787376562 2.439768997616932
80.10481887452475 2.4341611240238876
79.60216825131975 2.4189392454179597
79.55433824477466 2.4085027510407624
79.94916204758326 2.403035203108315
79.91453046806191 2.3926366828017773
80.3162003678118 2.3872725636757863
80.29465632226116 2.3769169120848286
80.70300972421484 2.3716571752519293
80.69443410484845 2.3613490837148845
80.69443410484845 2.3510398966698034
81.1135732458254 2.345938439550679
81.53480162134771 2.3408895628681528
81.55177521993309 2.33068981771385
81.97919391707946 2.3257470496231747
81.17753622488954 2.3151918427470175
81.61115501472437 2.310308354983409
81.65354271593048 2.300130853613741
81.70437892997035 2.2899649650761127
82.14785387454607 2.285247775752156
82.21101215184704 2.2751540955493397
82.6601413133181 2.270545950561818
82.73545618018045 2.2605278173365235
83.19007293718475 2.2560283253044204
83.27737452193385 2.246088840942658
83.01102607381137 2.230596488206208
83.47657815427044 2.2262771302685245
83.58842157531919 2.216408621754889
83.3604338863244 2.200889629344246
83.83642831611309 2.1967553755307776
84.31383948920701 2.192667871371352
84.11661866915587 2.177225554521213
84.26868381946143 2.1675111978042594
84.10427701231791 2.1520095099333467
84.59653890357258 2.148191806469475
85.09001950102679 2.1444183301723427
84.45735600111433 2.132717889051712
84.64560763993347 2.123134213838272
84.84159879335814 2.113593943866558
85.34582611119349 2.110033794519067
85.55234743856616 2.1006030179825643
85.76644071512573 2.091218493092331
85.98804938291252 2.0818815210294765
86.21711549025639 2.072593356666685
86.45357975981791 2.0633552081159863
86.69738165688264 2.054168236374551
86.94845945775074 2.0450335550664427
86.41755076131686 2.0329218669558724
86.68540743165309 2.0238221804885406
86.96039746139388 2.0147792999925347
86.99620164320982 1.999662204543771
87.53150693254602 1.99686764645298
87.8274889773652 1.9880005955242535
87.89837636426539 1.973051915320351
87.98887158323687 1.9581306549042292
87.33759025345431 1.9394208365780763
87.88656577035295 1.9370090845034458
88.4360461353591 1.934627288633429
87.82354911153793 1.91584774810498
88.37733664926769 1.9135964033285848
88.54553302502121 1.8988493187528324
89.10260016633288 1.8967222222722722
88.5533483372035 1.8778420588136875
89.1142495954988 1.8758469724490876
89.5016962588866 1.8676040302278807
