# 	phi_year_0	phi_year_1
38.33930462	4.17299953	4.45593394
38.55074236	4.12038372	4.42349192
38.76218010	4.06542342	4.38216894
38.97361784	4.00811865	4.33947362
39.18505558	3.94846939	4.29540596
39.39649332	3.88647565	4.24996595
39.60793106	3.82213744	4.20315360
39.81936880	3.75545474	4.15496891
40.03080654	3.68642756	4.10541187
40.24224428	3.60032535	4.06602740
40.45368202	3.55350915	4.03639065
40.66511976	3.51333094	4.01493583
40.87655750	3.47881284	3.99365163
41.08799524	3.44388078	3.96759283
41.29943298	3.40853477	3.95278784
41.51087072	3.37813018	3.91876849
41.72230846	3.35269596	3.89074463
41.93374620	3.33175791	3.87028596
42.14518394	3.31202363	3.84988388
42.35662168	3.29349313	3.82953838
42.56805942	3.27616640	3.80806447
42.77949716	3.26004344	3.78489443
42.99093490	3.24512426	3.75720023
43.20237265	3.23140885	3.73686214
43.41381039	3.21889722	3.71322121
43.62524813	3.20758935	3.68467085
43.83668587	3.19748526	3.65058471
44.04812361	3.18858495	3.61353638
44.25956135	3.18088841	3.57694128
44.47099909	3.17439564	3.53922625
44.68243683	3.16412923	3.50020184
44.89387457	3.15031102	3.46012808
45.10531231	3.13320041	3.42101316
45.31675005	3.11608980	3.38249687
45.52818779	3.09897920	3.34457921
45.73962553	3.08186859	3.30844518
45.95106327	3.06475798	3.27466250
46.16250101	3.04764737	3.24605919
46.37393875	3.03053676	3.21075498
46.58537649	3.01342615	3.17940883
46.79681423	2.99631554	3.15362733
47.00825197	2.97907929	3.13403681
47.21968971	2.96168544	3.11806372
47.43112745	2.94413398	3.10229260
47.64256519	2.92642492	3.08829663
47.85400293	2.90996320	3.07625194
48.06544067	2.89201311	3.06585523
48.27687841	2.87027608	3.05437088
48.48831615	2.84221290	3.04087132
48.69975389	2.82165385	3.02535655
48.91119163	2.79551410	3.00782656
49.12262937	2.76261868	2.98828137
49.33406711	2.72974268	2.96672096
49.54550485	2.69688609	2.94314534
49.75694259	2.66404891	2.91755451
49.96838034	2.63123114	2.88994846
50.17981808	2.59855843	2.86032721
50.39125582	2.56520548	2.82869074
50.60269356	2.52943562	2.79503906
50.81413130	2.49050091	2.75937216
51.02556904	2.45064974	2.72169006
51.23700678	2.41261784	2.69166405
51.44844452	2.37870377	2.66511494
51.65988226	2.35144674	2.63823419
51.87132000	2.31701648	2.61102181
52.08275774	2.28849781	2.58347779
52.29419548	2.26706570	2.55560213
52.50563322	2.24594508	2.52739485
52.71707096	2.22513593	2.49885592
52.92850870	2.20463826	2.46998536
53.13994644	2.18445207	2.44154036
53.35138418	2.16457737	2.41172406
53.56282192	2.14587139	2.38382347
53.77425966	2.13007083	2.35783858
53.98569740	2.11792362	2.33376939
54.19713514	2.10430391	2.31161591
54.40857288	2.08908417	2.27919513
54.62001062	2.07226442	2.24404635
54.83144836	2.05465512	2.21126588
55.04288610	2.03652808	2.18085372
55.25432384	2.01788330	2.15280988
55.46576158	1.99872078	2.12713435
55.67719932	1.97904053	2.10382713
55.88863706	1.95884253	2.08288823
56.10007480	1.93812680	2.06431763
56.31151254	1.91689332	2.04735816
56.52295028	1.89514211	2.03380666
56.73438803	1.87287316	2.02037614
56.94582577	1.85008647	2.00706658
57.15726351	1.82678204	1.99387801
57.36870125	1.80327513	1.98078842
57.58013899	1.78370604	1.97017286
57.79157673	1.76225024	1.95939867
58.00301447	1.74144983	1.94846584
58.21445221	1.72103302	1.93737715
58.42588995	1.70099980	1.92614409
58.63732769	1.68135016	1.91476665
58.84876543	1.66208412	1.90324485
59.06020317	1.64335019	1.89157867
59.27164091	1.62541176	1.88005457
59.48307865	1.60826881	1.86878884
59.69451639	1.59192136	1.85778149
59.90595413	1.57636941	1.84703252
60.11739187	1.56161294	1.83654193
60.32882961	1.54765197	1.82249526
60.54026735	1.53564375	1.80739220
60.75170509	1.52083168	1.79136939
60.96314283	1.50889119	1.77442682
61.17458057	1.49646968	1.75656451
61.38601831	1.48356716	1.73777968
61.59745605	1.47018362	1.71806084
61.80889379	1.45939466	1.69956021
62.02033153	1.44843607	1.67756568
62.23176927	1.43715932	1.65522702
62.44320701	1.42530103	1.63018012
62.65464475	1.41286120	1.60532139
62.86608249	1.39983984	1.58058980
63.07752023	1.38656408	1.55598535
63.28895797	1.37325021	1.53150806
63.50039572	1.35989822	1.51097236
63.71183346	1.34654958	1.49190058
63.92327120	1.33401980	1.47429270
64.13470894	1.32245801	1.45814874
64.34614668	1.31186422	1.44346868
64.55758442	1.30223841	1.43025253
64.76902216	1.29358059	1.41850029
64.98045990	1.28281517	1.40605975
65.19189764	1.27270637	1.39764299
65.40333538	1.26334159	1.39010026
65.61477312	1.25479063	1.38550923
65.82621086	1.24705349	1.38085718
66.03764860	1.24013016	1.37620514
66.24908634	1.23369350	1.37155309
66.46052408	1.22752723	1.36690105
66.67196182	1.22163135	1.36224900
66.88339956	1.21579405	1.35759696
67.09483730	1.20972547	1.35294491
67.30627504	1.20342563	1.34829287
67.51771278	1.19689451	1.34364082
67.72915052	1.19013213	1.33898878
67.94058826	1.18062498	1.33433673
68.15202600	1.17130406	1.32968469
68.36346374	1.16216936	1.32503264
68.57490148	1.15313347	1.31970576
68.78633922	1.14412660	1.31353871
68.99777696	1.13514875	1.30617267
69.20921470	1.12619993	1.30030925
69.42065244	1.11728013	1.29387420
69.63209018	1.10838935	1.28686754
69.84352792	1.09952759	1.27928926
70.05496566	1.09086522	1.27113936
70.26640341	1.08262034	1.26301473
70.47784115	1.07479296	1.25500482
70.68927889	1.06738308	1.24710964
70.90071663	1.06039069	1.23926748
71.11215437	1.05632929	1.23140918
71.32359211	1.05226789	1.22311080
71.53502985	1.04820649	1.21485517
71.74646759	1.04414509	1.20731712
71.95790533	1.04008369	1.20066199
72.16934307	1.03602229	1.19524859
72.38078081	1.03196089	1.18697356
72.59221855	1.02789949	1.17828081
72.80365629	1.02383809	1.17010928
73.01509403	1.01977669	1.16251964
73.22653177	1.01571529	1.15551191
73.43796951	1.01165390	1.14834475
73.64940725	1.00759250	1.14092730
73.86084499	1.00353110	1.13324344
74.07228273	0.99946970	1.12519971
74.28372047	0.99540830	1.11487735
74.49515821	0.99134690	1.10424191
74.70659595	0.98728550	1.09340809
74.91803369	0.98322410	1.08237591
75.12947143	0.97916270	1.07114535
75.34090917	0.97510130	1.05971642
75.55234691	0.97103990	1.04949088
75.76378465	0.96613769	1.04009905
75.97522239	0.96026359	1.03060201
76.18666013	0.95340576	1.02093906
76.39809787	0.94556420	1.01111020
76.60953561	0.93671071	1.00125988
76.82097335	0.92727959	0.99138949
77.03241109	0.91737325	0.98151516
77.24384884	0.90699168	0.97179206
77.45528658	0.89613488	0.96420810
77.66672432	0.88480285	0.95722168
77.87816206	0.87299559	0.95023526
78.08959980	0.86071310	0.94324885
78.30103754	0.84840306	0.93626243
78.51247528	0.83617486	0.92927601
78.72391302	0.82402850	0.92228959
78.93535076	0.81226221	0.91530317
79.14678850	0.79919810	0.90831676
79.35822624	0.78419734	0.90133034
79.56966398	0.77016380	0.89434392
79.78110172	0.75674031	0.88735750
79.99253946	0.74296198	0.88037109
80.20397720	0.72800494	0.87338467
80.41541494	0.71349300	0.86639825
80.62685268	0.69942616	0.85941183
80.83829042	0.68580443	0.85242541
81.04972816	0.67262779	0.84543900
81.26116590	0.65989626	0.83845258
81.47260364	0.64716215	0.83146616
81.68404138	0.63436761	0.82447974
81.89547912	0.62158334	0.81749333
82.10691686	0.60901004	0.81050691
82.31835460	0.59832349	0.80352049
82.52979234	0.59017436	0.79653407
82.74123008	0.58165878	0.78927983
82.95266782	0.57316213	0.78146340
83.16410556	0.56521498	0.77302106
83.37554330	0.55853881	0.76419707
83.58698104	0.55150981	0.75254653
83.79841878	0.54542529	0.74058582
84.00985653	0.53934228	0.72872750
84.22129427	0.53298431	0.71638823
84.43273201	0.52635139	0.70364199
84.64416975	0.51944350	0.69048876
84.85560749	0.51034781	0.67662120
85.06704523	0.50083043	0.66212410
85.27848297	0.49113599	0.64732905
85.48992071	0.48075456	0.63355891
85.70135845	0.47045843	0.61992571
85.91279619	0.46055988	0.60642239
86.12423393	0.45105893	0.59334330
86.33567167	0.44195556	0.58075218
86.54710941	0.43324978	0.56714632
86.75854715	0.42494159	0.55684947
86.96998489	0.41573368	0.54669953
87.18142263	0.40656901	0.53628393
87.39286037	0.39772406	0.52618600
87.60429811	0.38919883	0.51660894
87.81573585	0.38099330	0.50607483
88.02717359	0.37498633	0.49627059
88.23861133	0.36934355	0.48723462
88.45004907	0.36416225	0.47880256
88.66148681	0.36008554	0.46965153
88.87292455	0.35634112	0.46066951
89.08436229	0.35261672	0.45213138
89.29580003	0.34891232	0.44403714
89.50723777	0.34522793	0.43638680
89.71867551	0.34156355	0.43043877
89.93011325	0.33791917	0.42358169
90.14155099	0.33429480	0.41642076
90.35298873	0.33069044	0.40895600
90.56442647	0.32710609	0.40118739
90.77586422	0.32354174	0.39469536
90.98730196	0.31988046	0.38941051
91.19873970	0.31542743	0.38395329
91.41017744	0.31025408	0.37820046
91.62161518	0.30443178	0.37216009
91.83305292	0.29792445	0.36563392
92.04449066	0.29002216	0.35840308
92.25592840	0.28206841	0.35046757
92.46736614	0.27407966	0.34189371
92.67880388	0.26507485	0.33283904
92.89024162	0.25553576	0.32330356
93.10167936	0.24507455	0.31401982
93.31311710	0.23369123	0.30502831
93.52455484	0.22025903	0.29574097
93.73599258	0.20467574	0.28675943
93.94743032	0.18932858	0.27685319
94.15886806	0.17433448	0.26756956
94.37030580	0.16037075	0.25890854
94.58174354	0.14736347	0.25087013
94.79318128	0.13524125	0.24327909
95.00461902	0.12404019	0.23633366
95.21605676	0.11447021	0.23025271
