# 	phi_year_0	phi_year_1	phi_year_2	phi_year_3	phi_year_4	phi_year_5	phi_year_6	phi_year_7	phi_year_8	phi_year_9	phi_year_10
38.33930462	4.17299953	4.17299953	4.17299953	4.17299953	4.17299953	4.17299953	4.17299953	4.17299953	4.17299953	4.17299953	4.44861424
38.55074236	4.12124410	4.12124410	4.12124410	4.12124410	4.12124410	4.12124410	4.12124410	4.12124410	4.12124410	4.12124410	4.39895842
38.76218010	4.06843493	4.06843493	4.06843493	4.06843493	4.06843493	4.06843493	4.06843493	4.06843493	4.06843493	4.06843493	4.33445789
38.97361784	4.01457200	4.01457200	4.01457200	4.01457200	4.01457200	4.01457200	4.01457200	4.01457200	4.01457200	4.01457200	4.27351967
39.18505558	3.95965532	3.95965532	3.95965532	3.95965532	3.95965532	3.95965532	3.95965532	3.95965532	3.95965532	3.95965532	4.21112517
39.39649332	3.90368490	3.90368490	3.90368490	3.90368490	3.90368490	3.90368490	3.90368490	3.90368490	3.90368490	3.90368490	4.14727438
39.60793106	3.84666072	3.84666072	3.84666072	3.84666072	3.84666072	3.84666072	3.84666072	3.84666072	3.84666072	3.84666072	4.08196730
39.81936880	3.78858280	3.78858280	3.78858280	3.78858280	3.78858280	3.78858280	3.78858280	3.78858280	3.78858280	3.78858280	4.01151881
40.03080654	3.72945112	3.72945112	3.72945112	3.72945112	3.72945112	3.72945112	3.72945112	3.72945112	3.72945112	3.72945112	3.94004543
40.24224428	3.65453515	3.65453515	3.65453515	3.65453515	3.65453515	3.65453515	3.65453515	3.65453515	3.65453515	3.65453515	3.88312385
40.45368202	3.62019591	3.62019591	3.62019591	3.62019591	3.62019591	3.62019591	3.62019591	3.62019591	3.62019591	3.62019591	3.83015006
40.66511976	3.59378540	3.59378540	3.59378540	3.59378540	3.59378540	3.59378540	3.59378540	3.59378540	3.59378540	3.59378540	3.79784179
40.87655750	3.57432573	3.57432573	3.57432573	3.57432573	3.57432573	3.57432573	3.57432573	3.57432573	3.57432573	3.57432573	3.76310255
41.08799524	3.55574283	3.55574283	3.55574283	3.55574283	3.55574283	3.55574283	3.55574283	3.55574283	3.55574283	3.55574283	3.70700940
41.29943298	3.53803671	3.53803671	3.53803671	3.53803671	3.53803671	3.53803671	3.53803671	3.53803671	3.53803671	3.53803671	3.63974501
41.51087072	3.52158533	3.52158533	3.52158533	3.52158533	3.52158533	3.52158533	3.52158533	3.52158533	3.52158533	3.52158533	3.56941555
41.72230846	3.50577909	3.50577909	3.50577909	3.50577909	3.50577909	3.50577909	3.50577909	3.50577909	3.50577909	3.50577909	3.52836405
41.93374620	3.48997285	3.48997285	3.48997285	3.48997285	3.48997285	3.48997285	3.48997285	3.48997285	3.48997285	3.48997285	3.50103472
42.14518394	3.46902050	3.47416660	3.47416660	3.47416660	3.47416660	3.47416660	3.47416660	3.47416660	3.47416660	3.47416660	3.47416660
42.35662168	3.43734003	3.45836036	3.45836036	3.45836036	3.45836036	3.45836036	3.45836036	3.45836036	3.45836036	3.45836036	3.45836036
42.56805942	3.40888551	3.44255412	3.44255412	3.44255412	3.44255412	3.44255412	3.44255412	3.44255412	3.44255412	3.44255412	3.44255412
42.77949716	3.37866195	3.42674787	3.42674787	3.42674787	3.42674787	3.42674787	3.42674787	3.42674787	3.42674787	3.42674787	3.42674787
42.99093490	3.35190681	3.41094163	3.41094163	3.41094163	3.41094163	3.41094163	3.41094163	3.41094163	3.41094163	3.41094163	3.41094163
43.20237265	3.32518263	3.39513539	3.39513539	3.39513539	3.39513539	3.39513539	3.39513539	3.39513539	3.39513539	3.39513539	3.39513539
43.41381039	3.29445762	3.38182814	3.38182814	3.38182814	3.38182814	3.38182814	3.38182814	3.38182814	3.38182814	3.38182814	3.38182814
43.62524813	3.26991095	3.36564575	3.36564575	3.36564575	3.36564575	3.36564575	3.36564575	3.36564575	3.36564575	3.36564575	3.36564575
43.83668587	3.25209782	3.35018867	3.35018867	3.35018867	3.35018867	3.35018867	3.35018867	3.35018867	3.35018867	3.35018867	3.35018867
44.04812361	3.23556345	3.33545690	3.33545690	3.33545690	3.33545690	3.33545690	3.33545690	3.33545690	3.33545690	3.33545690	3.33545690
44.25956135	3.21950965	3.32145043	3.32145043	3.32145043	3.32145043	3.32145043	3.32145043	3.32145043	3.32145043	3.32145043	3.32145043
44.47099909	3.20448453	3.30816927	3.30816927	3.30816927	3.30816927	3.30816927	3.30816927	3.30816927	3.30816927	3.30816927	3.30816927
44.68243683	3.18896510	3.29561341	3.29561341	3.29561341	3.29561341	3.29561341	3.29561341	3.29561341	3.29561341	3.29561341	3.29561341
44.89387457	3.17378841	3.28378287	3.28378287	3.28378287	3.28378287	3.28378287	3.28378287	3.28378287	3.28378287	3.28378287	3.28378287
45.10531231	3.15860859	3.27267763	3.27267763	3.27267763	3.27267763	3.27267763	3.27267763	3.27267763	3.27267763	3.27267763	3.27267763
45.31675005	3.14342561	3.26229769	3.26229769	3.26229769	3.26229769	3.26229769	3.26229769	3.26229769	3.26229769	3.26229769	3.26229769
45.52818779	3.12823950	3.25260583	3.25260583	3.25260583	3.25260583	3.25260583	3.25260583	3.25260583	3.25260583	3.25260583	3.25260583
45.73962553	3.11015801	3.24358459	3.24358459	3.24358459	3.24358459	3.24358459	3.24358459	3.24358459	3.24358459	3.24358459	3.24358459
45.95106327	3.09417616	3.23523396	3.23523396	3.23523396	3.23523396	3.23523396	3.23523396	3.23523396	3.23523396	3.23523396	3.23523396
46.16250101	3.07874159	3.22743735	3.22743735	3.22743735	3.22743735	3.22743735	3.22743735	3.22743735	3.22743735	3.22743735	3.22743735
46.37393875	3.06317526	3.22007367	3.22007367	3.22007367	3.22007367	3.22007367	3.22007367	3.22007367	3.22007367	3.22007367	3.22007367
46.58537649	3.04747716	3.21064394	3.21064394	3.21064394	3.21064394	3.21064394	3.21064394	3.21064394	3.21064394	3.21064394	3.21064394
46.79681423	3.03164730	3.20461717	3.20461717	3.20461717	3.20461717	3.20461717	3.20461717	3.20461717	3.20461717	3.20461717	3.20461717
47.00825197	3.01568568	3.19844418	3.19844418	3.19844418	3.19844418	3.19844418	3.19844418	3.19844418	3.19844418	3.19844418	3.19844418
47.21968971	3.00313383	3.19221580	3.19221580	3.19221580	3.19221580	3.19221580	3.19221580	3.19221580	3.19221580	3.19221580	3.19221580
47.43112745	2.99407854	3.18594216	3.18594216	3.18594216	3.18594216	3.18594216	3.18594216	3.18594216	3.18594216	3.18594216	3.18594216
47.64256519	2.98201648	3.17530779	3.17530779	3.17530779	3.17530779	3.17530779	3.17530779	3.17530779	3.17530779	3.17530779	3.17530779
47.85400293	2.96645307	3.15837825	3.15837825	3.15837825	3.15837825	3.15837825	3.15837825	3.15837825	3.15837825	3.15837825	3.15837825
48.06544067	2.95119416	3.13565563	3.13565563	3.13565563	3.13565563	3.13565563	3.13565563	3.13565563	3.13565563	3.13565563	3.13565563
48.27687841	2.93633704	3.11989152	3.11989152	3.11989152	3.11989152	3.11989152	3.11989152	3.11989152	3.11989152	3.11989152	3.11989152
48.48831615	2.92120735	3.09842819	3.09842819	3.09842819	3.09842819	3.09842819	3.09842819	3.09842819	3.09842819	3.09842819	3.09842819
48.69975389	2.90581088	3.09042531	3.09042531	3.09042531	3.09042531	3.09042531	3.09042531	3.09042531	3.09042531	3.09042531	3.09042531
48.91119163	2.89051955	3.07954077	3.07954077	3.07954077	3.07954077	3.07954077	3.07954077	3.07954077	3.07954077	3.07954077	3.07954077
49.12262937	2.87533338	3.05259986	3.05259986	3.05259986	3.05259986	3.05259986	3.05259986	3.05259986	3.05259986	3.05259986	3.05259986
49.33406711	2.85449183	3.02559714	3.02559714	3.02559714	3.02559714	3.02559714	3.02559714	3.02559714	3.02559714	3.02559714	3.02559714
49.54550485	2.82202486	2.99613536	2.99613536	2.99613536	2.99613536	2.99613536	2.99613536	2.99613536	2.99613536	2.99613536	2.99613536
49.75694259	2.78342853	2.96408039	2.96408039	2.96408039	2.96408039	2.96408039	2.96408039	2.96408039	2.96408039	2.96408039	2.96408039
49.96838034	2.76479897	2.92933736	2.92933736	2.92933736	2.92933736	2.92933736	2.92933736	2.92933736	2.92933736	2.92933736	2.92933736
50.17981808	2.74334191	2.89063734	2.89063734	2.89063734	2.89063734	2.89063734	2.89063734	2.89063734	2.89063734	2.89063734	2.89063734
50.39125582	2.71866536	2.85550670	2.85550670	2.85550670	2.85550670	2.85550670	2.85550670	2.85550670	2.85550670	2.85550670	2.85550670
50.60269356	2.68529749	2.81802071	2.81802071	2.81802071	2.81802071	2.81802071	2.81802071	2.81802071	2.81802071	2.81802071	2.81802071
50.81413130	2.64119644	2.79198893	2.79198893	2.79198893	2.79198893	2.79198893	2.79198893	2.79198893	2.79198893	2.79198893	2.79198893
51.02556904	2.60046381	2.74950354	2.74950354	2.74950354	2.74950354	2.74950354	2.74950354	2.74950354	2.74950354	2.74950354	2.74950354
51.23700678	2.55931472	2.71124966	2.71124966	2.71124966	2.71124966	2.71124966	2.71124966	2.71124966	2.71124966	2.71124966	2.71124966
51.44844452	2.51766002	2.66093147	2.66093147	2.66093147	2.66093147	2.66093147	2.66093147	2.66093147	2.66093147	2.66093147	2.66093147
51.65988226	2.47640030	2.61688198	2.61688198	2.61688198	2.61688198	2.61688198	2.61688198	2.61688198	2.61688198	2.61688198	2.61688198
51.87132000	2.43553127	2.55861069	2.55861069	2.55861069	2.55861069	2.55861069	2.55861069	2.55861069	2.55861069	2.55861069	2.55861069
52.08275774	2.39482371	2.50247719	2.50247719	2.50247719	2.50247719	2.50247719	2.50247719	2.50247719	2.50247719	2.50247719	2.50247719
52.29419548	2.35444950	2.46165619	2.46165619	2.46165619	2.46165619	2.46165619	2.46165619	2.46165619	2.46165619	2.46165619	2.46165619
52.50563322	2.32016916	2.42026973	2.42026973	2.42026973	2.42026973	2.42026973	2.42026973	2.42026973	2.42026973	2.42026973	2.42026973
52.71707096	2.29795274	2.38083612	2.38083612	2.38083612	2.38083612	2.38083612	2.38083612	2.38083612	2.38083612	2.38083612	2.38083612
52.92850870	2.28230416	2.34348951	2.34348951	2.34348951	2.34348951	2.34348951	2.34348951	2.34348951	2.34348951	2.34348951	2.34348951
53.13994644	2.24712731	2.30822988	2.30822988	2.30822988	2.30822988	2.30822988	2.30822988	2.30822988	2.30822988	2.30822988	2.30822988
53.35138418	2.21521645	2.27627488	2.27627488	2.27627488	2.27627488	2.27627488	2.27627488	2.27627488	2.27627488	2.27627488	2.27627488
53.56282192	2.18262994	2.24000734	2.24000734	2.24000734	2.24000734	2.24000734	2.24000734	2.24000734	2.24000734	2.24000734	2.24000734
53.77425966	2.15567667	2.20534185	2.20534185	2.20534185	2.20534185	2.20534185	2.20534185	2.20534185	2.20534185	2.20534185	2.20534185
53.98569740	2.14290184	2.16278431	2.16278431	2.16278431	2.16278431	2.16278431	2.16278431	2.16278431	2.16278431	2.16278431	2.16278431
54.19713514	2.13297791	2.14712391	2.14712391	2.14712391	2.14712391	2.14712391	2.14712391	2.14712391	2.14712391	2.14712391	2.14712391
54.40857288	2.12398007	2.13208260	2.13208260	2.13208260	2.13208260	2.13208260	2.13208260	2.13208260	2.13208260	2.13208260	2.13208260
54.62001062	2.11496287	2.12120459	2.12120459	2.12120459	2.12120459	2.12120459	2.12120459	2.12120459	2.12120459	2.12120459	2.12120459
54.83144836	2.10570011	2.10881462	2.10881462	2.10881462	2.10881462	2.10881462	2.10881462	2.10881462	2.10881462	2.10881462	2.10881462
55.04288610	2.09619028	2.09628071	2.09628071	2.09628071	2.09628071	2.09628071	2.09628071	2.09628071	2.09628071	2.09628071	2.09628071
55.25432384	2.08360287	2.08360287	2.08360287	2.08360287	2.08360287	2.08360287	2.08360287	2.08360287	2.08360287	2.08360287	2.08629067
55.46576158	2.07078110	2.07078110	2.07078110	2.07078110	2.07078110	2.07078110	2.07078110	2.07078110	2.07078110	2.07078110	2.07582940
55.67719932	2.05781540	2.05781540	2.05781540	2.05781540	2.05781540	2.05781540	2.05781540	2.05781540	2.05781540	2.05781540	2.06480649
55.88863706	2.04470576	2.04470576	2.04470576	2.04470576	2.04470576	2.04470576	2.04470576	2.04470576	2.04470576	2.04470576	2.05268122
56.10007480	2.03145219	2.03145219	2.03145219	2.03145219	2.03145219	2.03145219	2.03145219	2.03145219	2.03145219	2.03145219	2.03981795
56.31151254	2.01805470	2.01805470	2.01805470	2.01805470	2.01805470	2.01805470	2.01805470	2.01805470	2.01805470	2.01805470	2.02621666
56.52295028	2.00683055	2.00683055	2.00683055	2.00683055	2.00683055	2.00683055	2.00683055	2.00683055	2.00683055	2.00683055	2.01187735
56.73438803	1.99595165	1.99595165	1.99595165	1.99595165	1.99595165	1.99595165	1.99595165	1.99595165	1.99595165	1.99595165	1.99667271
56.94582577	1.98144451	1.98541800	1.98541800	1.98541800	1.98541800	1.98541800	1.98541800	1.98541800	1.98541800	1.98541800	1.98541800
57.15726351	1.96619275	1.97522959	1.97522959	1.97522959	1.97522959	1.97522959	1.97522959	1.97522959	1.97522959	1.97522959	1.97522959
57.36870125	1.94813375	1.95995336	1.95995336	1.95995336	1.95995336	1.95995336	1.95995336	1.95995336	1.95995336	1.95995336	1.95995336
57.58013899	1.92862060	1.94372352	1.94372352	1.94372352	1.94372352	1.94372352	1.94372352	1.94372352	1.94372352	1.94372352	1.94372352
57.79157673	1.90901130	1.92654007	1.92654007	1.92654007	1.92654007	1.92654007	1.92654007	1.92654007	1.92654007	1.92654007	1.92654007
58.00301447	1.88930585	1.90840300	1.90840300	1.90840300	1.90840300	1.90840300	1.90840300	1.90840300	1.90840300	1.90840300	1.90840300
58.21445221	1.86950426	1.89106417	1.89106417	1.89106417	1.89106417	1.89106417	1.89106417	1.89106417	1.89106417	1.89106417	1.89106417
58.42588995	1.84960651	1.87705526	1.87705526	1.87705526	1.87705526	1.87705526	1.87705526	1.87705526	1.87705526	1.87705526	1.87705526
58.63732769	1.82961261	1.85760933	1.85760933	1.85760933	1.85760933	1.85760933	1.85760933	1.85760933	1.85760933	1.85760933	1.85760933
58.84876543	1.81041705	1.83718897	1.83718897	1.83718897	1.83718897	1.83718897	1.83718897	1.83718897	1.83718897	1.83718897	1.83718897
59.06020317	1.79033149	1.81741004	1.81741004	1.81741004	1.81741004	1.81741004	1.81741004	1.81741004	1.81741004	1.81741004	1.81741004
59.27164091	1.77443879	1.79827254	1.79827254	1.79827254	1.79827254	1.79827254	1.79827254	1.79827254	1.79827254	1.79827254	1.79827254
59.48307865	1.75708924	1.77765745	1.77765745	1.77765745	1.77765745	1.77765745	1.77765745	1.77765745	1.77765745	1.77765745	1.77765745
59.69451639	1.74451523	1.75439422	1.75439422	1.75439422	1.75439422	1.75439422	1.75439422	1.75439422	1.75439422	1.75439422	1.75439422
59.90595413	1.72854981	1.73089028	1.73089028	1.73089028	1.73089028	1.73089028	1.73089028	1.73089028	1.73089028	1.73089028	1.73089028
60.11739187	1.70782060	1.70782060	1.70782060	1.70782060	1.70782060	1.70782060	1.70782060	1.70782060	1.70782060	1.70782060	1.70942484
60.32882961	1.68450493	1.68450493	1.68450493	1.68450493	1.68450493	1.68450493	1.68450493	1.68450493	1.68450493	1.68450493	1.68979028
60.54026735	1.66158246	1.66158246	1.66158246	1.66158246	1.66158246	1.66158246	1.66158246	1.66158246	1.66158246	1.66158246	1.67095556
60.75170509	1.64053533	1.64053533	1.64053533	1.64053533	1.64053533	1.64053533	1.64053533	1.64053533	1.64053533	1.64053533	1.65347139
60.96314283	1.62136353	1.62136353	1.62136353	1.62136353	1.62136353	1.62136353	1.62136353	1.62136353	1.62136353	1.62136353	1.63689221
61.17458057	1.60406707	1.60406707	1.60406707	1.60406707	1.60406707	1.60406707	1.60406707	1.60406707	1.60406707	1.60406707	1.62114199
61.38601831	1.58686546	1.58686546	1.58686546	1.58686546	1.58686546	1.58686546	1.58686546	1.58686546	1.58686546	1.58686546	1.60622074
61.59745605	1.56721475	1.56721475	1.56721475	1.56721475	1.56721475	1.56721475	1.56721475	1.56721475	1.56721475	1.56721475	1.58772960
61.80889379	1.55388188	1.55388188	1.55388188	1.55388188	1.55388188	1.55388188	1.55388188	1.55388188	1.55388188	1.55388188	1.57366488
62.02033153	1.54240426	1.54240426	1.54240426	1.54240426	1.54240426	1.54240426	1.54240426	1.54240426	1.54240426	1.54240426	1.55964784
62.23176927	1.53116603	1.53116603	1.53116603	1.53116603	1.53116603	1.53116603	1.53116603	1.53116603	1.53116603	1.53116603	1.54790753
62.44320701	1.52016719	1.52016719	1.52016719	1.52016719	1.52016719	1.52016719	1.52016719	1.52016719	1.52016719	1.52016719	1.53299674
62.65464475	1.51152677	1.51152677	1.51152677	1.51152677	1.51152677	1.51152677	1.51152677	1.51152677	1.51152677	1.51152677	1.52056520
62.86608249	1.50327393	1.50327393	1.50327393	1.50327393	1.50327393	1.50327393	1.50327393	1.50327393	1.50327393	1.50327393	1.50438051
63.07752023	1.49273695	1.49522035	1.49522035	1.49522035	1.49522035	1.49522035	1.49522035	1.49522035	1.49522035	1.49522035	1.49522035
63.28895797	1.48456087	1.48728500	1.48728500	1.48728500	1.48728500	1.48728500	1.48728500	1.48728500	1.48728500	1.48728500	1.48728500
63.50039572	1.47720229	1.47776092	1.47776092	1.47776092	1.47776092	1.47776092	1.47776092	1.47776092	1.47776092	1.47776092	1.47776092
63.71183346	1.46825862	1.46825862	1.46825862	1.46825862	1.46825862	1.46825862	1.46825862	1.46825862	1.46825862	1.46825862	1.46985605
63.92327120	1.45884150	1.45884150	1.45884150	1.45884150	1.45884150	1.45884150	1.45884150	1.45884150	1.45884150	1.45884150	1.46252215
64.13470894	1.44801605	1.44801605	1.44801605	1.44801605	1.44801605	1.44801605	1.44801605	1.44801605	1.44801605	1.44801605	1.45522544
64.34614668	1.43254816	1.43254816	1.43254816	1.43254816	1.43254816	1.43254816	1.43254816	1.43254816	1.43254816	1.43254816	1.44804194
64.55758442	1.41833489	1.41833489	1.41833489	1.41833489	1.41833489	1.41833489	1.41833489	1.41833489	1.41833489	1.41833489	1.44097166
64.76902216	1.40292161	1.40292161	1.40292161	1.40292161	1.40292161	1.40292161	1.40292161	1.40292161	1.40292161	1.40292161	1.43841344
64.98045990	1.38749775	1.38749775	1.38749775	1.38749775	1.38749775	1.38749775	1.38749775	1.38749775	1.38749775	1.38749775	1.43237098
65.19189764	1.37206332	1.37206332	1.37206332	1.37206332	1.37206332	1.37206332	1.37206332	1.37206332	1.37206332	1.37206332	1.42632853
65.40333538	1.35661832	1.35661832	1.35661832	1.35661832	1.35661832	1.35661832	1.35661832	1.35661832	1.35661832	1.35661832	1.42028607
65.61477312	1.34116275	1.34116275	1.34116275	1.34116275	1.34116275	1.34116275	1.34116275	1.34116275	1.34116275	1.34116275	1.41424361
65.82621086	1.32569661	1.32569661	1.32569661	1.32569661	1.32569661	1.32569661	1.32569661	1.32569661	1.32569661	1.32569661	1.40820115
66.03764860	1.31104398	1.31104398	1.31104398	1.31104398	1.31104398	1.31104398	1.31104398	1.31104398	1.31104398	1.31104398	1.40215869
66.24908634	1.29681388	1.29681388	1.29681388	1.29681388	1.29681388	1.29681388	1.29681388	1.29681388	1.29681388	1.29681388	1.39611623
66.46052408	1.28241235	1.28241235	1.28241235	1.28241235	1.28241235	1.28241235	1.28241235	1.28241235	1.28241235	1.28241235	1.39007378
66.67196182	1.27022042	1.27022042	1.27022042	1.27022042	1.27022042	1.27022042	1.27022042	1.27022042	1.27022042	1.27022042	1.38403132
66.88339956	1.25847061	1.25847061	1.25847061	1.25847061	1.25847061	1.25847061	1.25847061	1.25847061	1.25847061	1.25847061	1.37798886
67.09483730	1.24657407	1.24657407	1.24657407	1.24657407	1.24657407	1.24657407	1.24657407	1.24657407	1.24657407	1.24657407	1.37194640
67.30627504	1.23602430	1.23602430	1.23602430	1.23602430	1.23602430	1.23602430	1.23602430	1.23602430	1.23602430	1.23602430	1.36590394
67.51771278	1.23005542	1.23005542	1.23005542	1.23005542	1.23005542	1.23005542	1.23005542	1.23005542	1.23005542	1.23005542	1.35986149
67.72915052	1.22282195	1.22282195	1.22282195	1.22282195	1.22282195	1.22282195	1.22282195	1.22282195	1.22282195	1.22282195	1.35381903
67.94058826	1.21682211	1.21682211	1.21682211	1.21682211	1.21682211	1.21682211	1.21682211	1.21682211	1.21682211	1.21682211	1.34777657
68.15202600	1.21086649	1.21086649	1.21086649	1.21086649	1.21086649	1.21086649	1.21086649	1.21086649	1.21086649	1.21086649	1.34173411
68.36346374	1.20495506	1.20495506	1.20495506	1.20495506	1.20495506	1.20495506	1.20495506	1.20495506	1.20495506	1.20495506	1.33569165
68.57490148	1.19908783	1.19908783	1.19908783	1.19908783	1.19908783	1.19908783	1.19908783	1.19908783	1.19908783	1.19908783	1.32900531
68.78633922	1.19326481	1.19326481	1.19326481	1.19326481	1.19326481	1.19326481	1.19326481	1.19326481	1.19326481	1.19326481	1.32157149
68.99777696	1.18748599	1.18748599	1.18748599	1.18748599	1.18748599	1.18748599	1.18748599	1.18748599	1.18748599	1.18748599	1.31303138
69.20921470	1.18175137	1.18175137	1.18175137	1.18175137	1.18175137	1.18175137	1.18175137	1.18175137	1.18175137	1.18175137	1.30608658
69.42065244	1.17606096	1.17606096	1.17606096	1.17606096	1.17606096	1.17606096	1.17606096	1.17606096	1.17606096	1.17606096	1.29866285
69.63209018	1.16991301	1.16991301	1.16991301	1.16991301	1.16991301	1.16991301	1.16991301	1.16991301	1.16991301	1.16991301	1.29076020
69.84352792	1.16352368	1.16352368	1.16352368	1.16352368	1.16352368	1.16352368	1.16352368	1.16352368	1.16352368	1.16352368	1.28237863
70.05496566	1.15689683	1.15689683	1.15689683	1.15689683	1.15689683	1.15689683	1.15689683	1.15689683	1.15689683	1.15689683	1.27351813
70.26640341	1.15003246	1.15003246	1.15003246	1.15003246	1.15003246	1.15003246	1.15003246	1.15003246	1.15003246	1.15003246	1.26477559
70.47784115	1.14293055	1.14293055	1.14293055	1.14293055	1.14293055	1.14293055	1.14293055	1.14293055	1.14293055	1.14293055	1.25624046
70.68927889	1.13576677	1.13576677	1.13576677	1.13576677	1.13576677	1.13576677	1.13576677	1.13576677	1.13576677	1.13576677	1.24791277
70.90071663	1.12748380	1.12748380	1.12748380	1.12748380	1.12748380	1.12748380	1.12748380	1.12748380	1.12748380	1.12748380	1.23973079
71.11215437	1.11925851	1.11925851	1.11925851	1.11925851	1.11925851	1.11925851	1.11925851	1.11925851	1.11925851	1.11925851	1.23162536
71.32359211	1.11109090	1.11109090	1.11109090	1.11109090	1.11109090	1.11109090	1.11109090	1.11109090	1.11109090	1.11109090	1.22317255
71.53502985	1.10298098	1.10298098	1.10298098	1.10298098	1.10298098	1.10298098	1.10298098	1.10298098	1.10298098	1.10298098	1.21485517
71.74646759	1.09492875	1.09492875	1.09492875	1.09492875	1.09492875	1.09492875	1.09492875	1.09492875	1.09492875	1.09492875	1.20731712
71.95790533	1.08693419	1.08693419	1.08693419	1.08693419	1.08693419	1.08693419	1.08693419	1.08693419	1.08693419	1.08693419	1.20066199
72.16934307	1.07899732	1.07899732	1.07899732	1.07899732	1.07899732	1.07899732	1.07899732	1.07899732	1.07899732	1.07899732	1.19524859
72.38078081	1.07111814	1.07111814	1.07111814	1.07111814	1.07111814	1.07111814	1.07111814	1.07111814	1.07111814	1.07111814	1.18707680
72.59221855	1.06329664	1.06329664	1.06329664	1.06329664	1.06329664	1.06329664	1.06329664	1.06329664	1.06329664	1.06329664	1.17897243
72.80365629	1.05603455	1.05603455	1.05603455	1.05603455	1.05603455	1.05603455	1.05603455	1.05603455	1.05603455	1.05603455	1.17119093
73.01509403	1.04912194	1.04912194	1.04912194	1.04912194	1.04912194	1.04912194	1.04912194	1.04912194	1.04912194	1.04912194	1.16392618
73.22653177	1.04261134	1.04261134	1.04261134	1.04261134	1.04261134	1.04261134	1.04261134	1.04261134	1.04261134	1.04261134	1.15717818
73.43796951	1.03660611	1.03660611	1.03660611	1.03660611	1.03660611	1.03660611	1.03660611	1.03660611	1.03660611	1.03660611	1.15035733
73.64940725	1.03110627	1.03110627	1.03110627	1.03110627	1.03110627	1.03110627	1.03110627	1.03110627	1.03110627	1.03110627	1.14339287
73.86084499	1.02593617	1.02593617	1.02593617	1.02593617	1.02593617	1.02593617	1.02593617	1.02593617	1.02593617	1.02593617	1.13628478
74.07228273	1.02213017	1.02213017	1.02213017	1.02213017	1.02213017	1.02213017	1.02213017	1.02213017	1.02213017	1.02213017	1.12894054
74.28372047	1.01848007	1.01848007	1.01848007	1.01848007	1.01848007	1.01848007	1.01848007	1.01848007	1.01848007	1.01848007	1.12138256
74.49515821	1.01486301	1.01486301	1.01486301	1.01486301	1.01486301	1.01486301	1.01486301	1.01486301	1.01486301	1.01486301	1.11421255
74.70659595	1.01086536	1.01086536	1.01086536	1.01086536	1.01086536	1.01086536	1.01086536	1.01086536	1.01086536	1.01086536	1.10679994
74.91803369	1.00648711	1.00648711	1.00648711	1.00648711	1.00648711	1.00648711	1.00648711	1.00648711	1.00648711	1.00648711	1.09770584
75.12947143	1.00172826	1.00172826	1.00172826	1.00172826	1.00172826	1.00172826	1.00172826	1.00172826	1.00172826	1.00172826	1.08851116
75.34090917	0.99658881	0.99658881	0.99658881	0.99658881	0.99658881	0.99658881	0.99658881	0.99658881	0.99658881	0.99658881	1.07905881
75.55234691	0.99106876	0.99106876	0.99106876	0.99106876	0.99106876	0.99106876	0.99106876	0.99106876	0.99106876	0.99106876	1.07008490
75.76378465	0.98516942	0.98516942	0.98516942	0.98516942	0.98516942	0.98516942	0.98516942	0.98516942	0.98516942	0.98516942	1.06046988
75.97522239	0.97719774	0.97719774	0.97719774	0.97719774	0.97719774	0.97719774	0.97719774	0.97719774	0.97719774	0.97719774	1.05111121
76.18666013	0.96853357	0.96853357	0.96853357	0.96853357	0.96853357	0.96853357	0.96853357	0.96853357	0.96853357	0.96853357	1.04065329
76.39809787	0.95912441	0.95912441	0.95912441	0.95912441	0.95912441	0.95912441	0.95912441	0.95912441	0.95912441	0.95912441	1.02837288
76.60953561	0.94878543	0.94878543	0.94878543	0.94878543	0.94878543	0.94878543	0.94878543	0.94878543	0.94878543	0.94878543	1.01526821
76.82097335	0.93797104	0.93797104	0.93797104	0.93797104	0.93797104	0.93797104	0.93797104	0.93797104	0.93797104	0.93797104	1.00517723
77.03241109	0.92682680	0.92682680	0.92682680	0.92682680	0.92682680	0.92682680	0.92682680	0.92682680	0.92682680	0.92682680	0.99354690
77.24384884	0.91535273	0.91535273	0.91535273	0.91535273	0.91535273	0.91535273	0.91535273	0.91535273	0.91535273	0.91535273	0.98053146
77.45528658	0.90354881	0.90354881	0.90354881	0.90354881	0.90354881	0.90354881	0.90354881	0.90354881	0.90354881	0.90354881	0.96617767
77.66672432	0.89153790	0.89153790	0.89153790	0.89153790	0.89153790	0.89153790	0.89153790	0.89153790	0.89153790	0.89153790	0.95157488
77.87816206	0.87973364	0.87973364	0.87973364	0.87973364	0.87973364	0.87973364	0.87973364	0.87973364	0.87973364	0.87973364	0.93693506
78.08959980	0.86813603	0.86813603	0.86813603	0.86813603	0.86813603	0.86813603	0.86813603	0.86813603	0.86813603	0.86813603	0.92369710
78.30103754	0.85674508	0.85674508	0.85674508	0.85674508	0.85674508	0.85674508	0.85674508	0.85674508	0.85674508	0.85674508	0.91028009
78.51247528	0.84556078	0.84556078	0.84556078	0.84556078	0.84556078	0.84556078	0.84556078	0.84556078	0.84556078	0.84556078	0.89693562
78.72391302	0.83458313	0.83458313	0.83458313	0.83458313	0.83458313	0.83458313	0.83458313	0.83458313	0.83458313	0.83458313	0.88425974
78.93535076	0.82381082	0.82381082	0.82381082	0.82381082	0.82381082	0.82381082	0.82381082	0.82381082	0.82381082	0.82381082	0.87276064
79.14678850	0.81525000	0.81525000	0.81525000	0.81525000	0.81525000	0.81525000	0.81525000	0.81525000	0.81525000	0.81525000	0.86130087
79.35822624	0.80757055	0.80757055	0.80757055	0.80757055	0.80757055	0.80757055	0.80757055	0.80757055	0.80757055	0.80757055	0.85104215
79.56966398	0.80077246	0.80077246	0.80077246	0.80077246	0.80077246	0.80077246	0.80077246	0.80077246	0.80077246	0.80077246	0.84270774
79.78110172	0.79493720	0.79493720	0.79493720	0.79493720	0.79493720	0.79493720	0.79493720	0.79493720	0.79493720	0.79493720	0.83529211
79.99253946	0.78961035	0.78961035	0.78961035	0.78961035	0.78961035	0.78961035	0.78961035	0.78961035	0.78961035	0.78961035	0.82493863
80.20397720	0.78464633	0.78464633	0.78464633	0.78464633	0.78464633	0.78464633	0.78464633	0.78464633	0.78464633	0.78464633	0.81620033
80.41541494	0.77908972	0.77908972	0.77908972	0.77908972	0.77908972	0.77908972	0.77908972	0.77908972	0.77908972	0.77908972	0.80904217
80.62685268	0.77312782	0.77312782	0.77312782	0.77312782	0.77312782	0.77312782	0.77312782	0.77312782	0.77312782	0.77312782	0.80322097
80.83829042	0.76690293	0.76690293	0.76690293	0.76690293	0.76690293	0.76690293	0.76690293	0.76690293	0.76690293	0.76690293	0.79725846
81.04972816	0.76041506	0.76041506	0.76041506	0.76041506	0.76041506	0.76041506	0.76041506	0.76041506	0.76041506	0.76041506	0.79109042
81.26116590	0.75366420	0.75366420	0.75366420	0.75366420	0.75366420	0.75366420	0.75366420	0.75366420	0.75366420	0.75366420	0.78496389
81.47260364	0.74661027	0.74661027	0.74661027	0.74661027	0.74661027	0.74661027	0.74661027	0.74661027	0.74661027	0.74661027	0.77912042
81.68404138	0.73813225	0.73813225	0.73813225	0.73813225	0.73813225	0.73813225	0.73813225	0.73813225	0.73813225	0.73813225	0.77346550
81.89547912	0.72921732	0.72921732	0.72921732	0.72921732	0.72921732	0.72921732	0.72921732	0.72921732	0.72921732	0.72921732	0.76796550
82.10691686	0.71931476	0.71931476	0.71931476	0.71931476	0.71931476	0.71931476	0.71931476	0.71931476	0.71931476	0.71931476	0.76248022
82.31835460	0.70747808	0.70747808	0.70747808	0.70747808	0.70747808	0.70747808	0.70747808	0.70747808	0.70747808	0.70747808	0.75692252
82.52979234	0.69517995	0.69517995	0.69517995	0.69517995	0.69517995	0.69517995	0.69517995	0.69517995	0.69517995	0.69517995	0.75104378
82.74123008	0.68242037	0.68242037	0.68242037	0.68242037	0.68242037	0.68242037	0.68242037	0.68242037	0.68242037	0.68242037	0.74460557
82.95266782	0.66891301	0.66891301	0.66891301	0.66891301	0.66891301	0.66891301	0.66891301	0.66891301	0.66891301	0.66891301	0.73806248
83.16410556	0.65525421	0.65525421	0.65525421	0.65525421	0.65525421	0.65525421	0.65525421	0.65525421	0.65525421	0.65525421	0.73121458
83.37554330	0.64031754	0.64031754	0.64031754	0.64031754	0.64031754	0.64031754	0.64031754	0.64031754	0.64031754	0.64031754	0.72293226
83.58698104	0.62505843	0.62505843	0.62505843	0.62505843	0.62505843	0.62505843	0.62505843	0.62505843	0.62505843	0.62505843	0.71396888
83.79841878	0.60928959	0.60928959	0.60928959	0.60928959	0.60928959	0.60928959	0.60928959	0.60928959	0.60928959	0.60928959	0.70484841
84.00985653	0.59498951	0.59498951	0.59498951	0.59498951	0.59498951	0.59498951	0.59498951	0.59498951	0.59498951	0.59498951	0.69607182
84.22129427	0.58072061	0.58072061	0.58072061	0.58072061	0.58072061	0.58072061	0.58072061	0.58072061	0.58072061	0.58072061	0.68717448
84.43273201	0.56648288	0.56648288	0.56648288	0.56648288	0.56648288	0.56648288	0.56648288	0.56648288	0.56648288	0.56648288	0.67730134
84.64416975	0.55231642	0.55231642	0.55231642	0.55231642	0.55231642	0.55231642	0.55231642	0.55231642	0.55231642	0.55231642	0.66617506
84.85560749	0.53749299	0.53749299	0.53749299	0.53749299	0.53749299	0.53749299	0.53749299	0.53749299	0.53749299	0.53749299	0.65401604
85.06704523	0.52297890	0.52297890	0.52297890	0.52297890	0.52297890	0.52297890	0.52297890	0.52297890	0.52297890	0.52297890	0.64187416
85.27848297	0.50922760	0.50922760	0.50922760	0.50922760	0.50922760	0.50922760	0.50922760	0.50922760	0.50922760	0.50922760	0.63001018
85.48992071	0.49622938	0.49622938	0.49622938	0.49622938	0.49622938	0.49622938	0.49622938	0.49622938	0.49622938	0.49622938	0.61711692
85.70135845	0.48323410	0.48323410	0.48323410	0.48323410	0.48323410	0.48323410	0.48323410	0.48323410	0.48323410	0.48323410	0.60243281
85.91279619	0.47055405	0.47055405	0.47055405	0.47055405	0.47055405	0.47055405	0.47055405	0.47055405	0.47055405	0.47055405	0.58854495
86.12423393	0.45847557	0.45847557	0.45847557	0.45847557	0.45847557	0.45847557	0.45847557	0.45847557	0.45847557	0.45847557	0.57391646
86.33567167	0.44640232	0.44640232	0.44640232	0.44640232	0.44640232	0.44640232	0.44640232	0.44640232	0.44640232	0.44640232	0.55907456
86.54710941	0.43546073	0.43546073	0.43546073	0.43546073	0.43546073	0.43546073	0.43546073	0.43546073	0.43546073	0.43546073	0.54557819
86.75854715	0.42565079	0.42565079	0.42565079	0.42565079	0.42565079	0.42565079	0.42565079	0.42565079	0.42565079	0.42565079	0.53132511
86.96998489	0.41697251	0.41697251	0.41697251	0.41697251	0.41697251	0.41697251	0.41697251	0.41697251	0.41697251	0.41697251	0.51753031
87.18142263	0.40730506	0.40730506	0.40730506	0.40730506	0.40730506	0.40730506	0.40730506	0.40730506	0.40730506	0.40730506	0.50390393
87.39286037	0.39808604	0.39808604	0.39808604	0.39808604	0.39808604	0.39808604	0.39808604	0.39808604	0.39808604	0.39808604	0.49091062
87.60429811	0.38931546	0.38931546	0.38931546	0.38931546	0.38931546	0.38931546	0.38931546	0.38931546	0.38931546	0.38931546	0.47910735
87.81573585	0.38099330	0.38099330	0.38099330	0.38099330	0.38099330	0.38099330	0.38099330	0.38099330	0.38099330	0.38099330	0.46865669
88.02717359	0.37498633	0.37498633	0.37498633	0.37498633	0.37498633	0.37498633	0.37498633	0.37498633	0.37498633	0.37498633	0.45933826
88.23861133	0.36934355	0.36934355	0.36934355	0.36934355	0.36934355	0.36934355	0.36934355	0.36934355	0.36934355	0.36934355	0.45010218
88.45004907	0.36416225	0.36416225	0.36416225	0.36416225	0.36416225	0.36416225	0.36416225	0.36416225	0.36416225	0.36416225	0.44068768
88.66148681	0.36008554	0.36008554	0.36008554	0.36008554	0.36008554	0.36008554	0.36008554	0.36008554	0.36008554	0.36008554	0.43247359
88.87292455	0.35634112	0.35634112	0.35634112	0.35634112	0.35634112	0.35634112	0.35634112	0.35634112	0.35634112	0.35634112	0.42626462
89.08436229	0.35261672	0.35261672	0.35261672	0.35261672	0.35261672	0.35261672	0.35261672	0.35261672	0.35261672	0.35261672	0.41934876
89.29580003	0.34891232	0.34891232	0.34891232	0.34891232	0.34891232	0.34891232	0.34891232	0.34891232	0.34891232	0.34891232	0.41280833
89.50723777	0.34522793	0.34522793	0.34522793	0.34522793	0.34522793	0.34522793	0.34522793	0.34522793	0.34522793	0.34522793	0.40631604
89.71867551	0.34156355	0.34156355	0.34156355	0.34156355	0.34156355	0.34156355	0.34156355	0.34156355	0.34156355	0.34156355	0.39983983
89.93011325	0.33791917	0.33791917	0.33791917	0.33791917	0.33791917	0.33791917	0.33791917	0.33791917	0.33791917	0.33791917	0.39480068
90.14155099	0.33429480	0.33429480	0.33429480	0.33429480	0.33429480	0.33429480	0.33429480	0.33429480	0.33429480	0.33429480	0.38970283
90.35298873	0.33069044	0.33069044	0.33069044	0.33069044	0.33069044	0.33069044	0.33069044	0.33069044	0.33069044	0.33069044	0.38454627
90.56442647	0.32710609	0.32710609	0.32710609	0.32710609	0.32710609	0.32710609	0.32710609	0.32710609	0.32710609	0.32710609	0.37933100
90.77586422	0.32354174	0.32354174	0.32354174	0.32354174	0.32354174	0.32354174	0.32354174	0.32354174	0.32354174	0.32354174	0.37415506
90.98730196	0.31988046	0.31988046	0.31988046	0.31988046	0.31988046	0.31988046	0.31988046	0.31988046	0.31988046	0.31988046	0.36893775
91.19873970	0.31542743	0.31542743	0.31542743	0.31542743	0.31542743	0.31542743	0.31542743	0.31542743	0.31542743	0.31542743	0.36367907
91.41017744	0.31025408	0.31025408	0.31025408	0.31025408	0.31025408	0.31025408	0.31025408	0.31025408	0.31025408	0.31025408	0.35837901
91.62161518	0.30443178	0.30443178	0.30443178	0.30443178	0.30443178	0.30443178	0.30443178	0.30443178	0.30443178	0.30443178	0.35303637
91.83305292	0.29792445	0.29792445	0.29792445	0.29792445	0.29792445	0.29792445	0.29792445	0.29792445	0.29792445	0.29792445	0.34721261
92.04449066	0.29002216	0.29002216	0.29002216	0.29002216	0.29002216	0.29002216	0.29002216	0.29002216	0.29002216	0.29002216	0.34089433
92.25592840	0.28206841	0.28206841	0.28206841	0.28206841	0.28206841	0.28206841	0.28206841	0.28206841	0.28206841	0.28206841	0.33444485
92.46736614	0.27407966	0.27407966	0.27407966	0.27407966	0.27407966	0.27407966	0.27407966	0.27407966	0.27407966	0.27407966	0.32793050
92.67880388	0.26507485	0.26507485	0.26507485	0.26507485	0.26507485	0.26507485	0.26507485	0.26507485	0.26507485	0.26507485	0.32150880
92.89024162	0.25553576	0.25553576	0.25553576	0.25553576	0.25553576	0.25553576	0.25553576	0.25553576	0.25553576	0.25553576	0.31478246
93.10167936	0.24507455	0.24507455	0.24507455	0.24507455	0.24507455	0.24507455	0.24507455	0.24507455	0.24507455	0.24507455	0.30771443
93.31311710	0.23369123	0.23369123	0.23369123	0.23369123	0.23369123	0.23369123	0.23369123	0.23369123	0.23369123	0.23369123	0.30030471
93.52455484	0.22025903	0.22025903	0.22025903	0.22025903	0.22025903	0.22025903	0.22025903	0.22025903	0.22025903	0.22025903	0.29196523
93.73599258	0.20467574	0.20467574	0.20467574	0.20467574	0.20467574	0.20467574	0.20467574	0.20467574	0.20467574	0.20467574	0.28329763
93.94743032	0.18932858	0.18932858	0.18932858	0.18932858	0.18932858	0.18932858	0.18932858	0.18932858	0.18932858	0.18932858	0.27488198
94.15886806	0.17433448	0.17433448	0.17433448	0.17433448	0.17433448	0.17433448	0.17433448	0.17433448	0.17433448	0.17433448	0.26667218
94.37030580	0.16037075	0.16037075	0.16037075	0.16037075	0.16037075	0.16037075	0.16037075	0.16037075	0.16037075	0.16037075	0.25866823
94.58174354	0.14736347	0.14736347	0.14736347	0.14736347	0.14736347	0.14736347	0.14736347	0.14736347	0.14736347	0.14736347	0.25087013
94.79318128	0.13524125	0.13524125	0.13524125	0.13524125	0.13524125	0.13524125	0.13524125	0.13524125	0.13524125	0.13524125	0.24327909
95.00461902	0.12404019	0.12404019	0.12404019	0.12404019	0.12404019	0.12404019	0.12404019	0.12404019	0.12404019	0.12404019	0.23633366
95.21605676	0.11447021	0.11447021	0.11447021	0.11447021	0.11447021	0.11447021	0.11447021	0.11447021	0.11447021	0.11447021	0.23025271
