# R	vm0	vstd0
38.32072207	0.02829344	0.02261336
38.54236869	0.03031082	0.02050546
38.76401531	0.03167455	0.01846036
38.98566193	0.03313550	0.01655777
39.20730856	0.03469366	0.01479979
39.42895518	0.03634903	0.01344927
39.65060180	0.03810162	0.01256418
39.87224842	0.03995142	0.01216396
40.09389505	0.04189843	0.01234079
40.31554167	0.04657021	0.01256490
40.53718829	0.04828815	0.01299002
40.75883491	0.05016049	0.01351007
40.98048154	0.05148388	0.01434149
41.20212816	0.05237120	0.01520594
41.42377478	0.05442531	0.01611555
41.64542140	0.05406383	0.01700767
41.86706803	0.05380487	0.01780829
42.08871465	0.05385281	0.01858128
42.31036127	0.05378602	0.01905850
42.53200789	0.05360453	0.01937798
42.75365452	0.05318981	0.01957297
42.97530114	0.05248510	0.01967786
43.19694776	0.05120760	0.01982255
43.41859438	0.05054533	0.01965680
43.64024100	0.04943240	0.01925794
43.86188763	0.04770815	0.01870126
44.08353425	0.04530995	0.01802951
44.30518087	0.04249514	0.01729749
44.52682749	0.03960529	0.01656276
44.74847412	0.03648306	0.01571997
44.97012074	0.03360726	0.01489401
45.19176736	0.03098171	0.01419439
45.41341398	0.02878127	0.01355625
45.63506061	0.02664071	0.01300979
45.85670723	0.02456000	0.01260012
46.07835385	0.02265766	0.01233127
46.30000047	0.02099045	0.01221512
46.52164710	0.01984118	0.01224347
46.74329372	0.01802182	0.01233799
46.96494034	0.01659827	0.01244860
47.18658696	0.01573118	0.01250527
47.40823359	0.01549575	0.01253508
47.62988021	0.01563783	0.01252140
47.85152683	0.01581586	0.01251972
48.07317345	0.01618717	0.01249641
48.29482008	0.01662887	0.01247954
48.51646670	0.01738421	0.01244973
48.73811332	0.01840948	0.01250325
48.95975994	0.01986584	0.01269554
49.18140657	0.02037027	0.01298025
49.40305319	0.02123125	0.01334101
49.62469981	0.02256627	0.01370406
49.84634643	0.02369783	0.01400662
50.06799305	0.02462593	0.01434498
50.28963968	0.02535056	0.01468914
50.51128630	0.02587173	0.01498390
50.73293292	0.02617688	0.01526741
50.95457954	0.02634853	0.01546142
51.17622617	0.02656034	0.01544453
51.39787279	0.02688713	0.01530520
51.61951941	0.02710403	0.01507799
51.84116603	0.02790462	0.01480490
52.06281266	0.02864112	0.01445943
52.28445928	0.02867875	0.01412202
52.50610590	0.02940053	0.01382991
52.72775252	0.02949800	0.01359165
52.94939915	0.02885364	0.01341118
53.17104577	0.02814498	0.01322175
53.39269239	0.02737200	0.01298348
53.61433901	0.02653471	0.01280150
53.83598564	0.02570883	0.01273559
54.05763226	0.02471467	0.01272674
54.27927888	0.02379521	0.01279186
54.50092550	0.02277677	0.01279218
54.72257213	0.02158458	0.01277672
54.94421875	0.02073120	0.01275578
55.16586537	0.01901110	0.01268444
55.38751199	0.01717819	0.01260179
55.60915861	0.01566108	0.01245990
55.83080524	0.01443256	0.01223491
56.05245186	0.01349266	0.01198072
56.27409848	0.01284136	0.01169443
56.49574510	0.01247866	0.01139491
56.71739173	0.01240457	0.01116727
56.93903835	0.01261908	0.01101084
57.16068497	0.01304648	0.01091220
57.38233159	0.01386645	0.01079303
57.60397822	0.01475030	0.01061553
57.82562484	0.01569801	0.01044225
58.04727146	0.01670960	0.01024623
58.26891808	0.01775133	0.01003147
58.49056471	0.01864668	0.00983383
58.71221133	0.01971484	0.00963155
58.93385795	0.02070160	0.00943919
59.15550457	0.02163441	0.00928992
59.37715120	0.02251443	0.00919015
59.59879782	0.02334165	0.00906154
59.82044444	0.02411607	0.00888314
60.04209106	0.02482285	0.00865944
60.26373769	0.02546428	0.00841426
60.48538431	0.02605200	0.00822701
60.70703093	0.02658601	0.00802771
60.92867755	0.02706631	0.00783250
61.15032417	0.02749290	0.00769450
61.37197080	0.02748433	0.00757687
61.59361742	0.02717485	0.00745221
61.81526404	0.02705377	0.00733391
62.03691066	0.02655356	0.00719998
62.25855729	0.02600948	0.00703264
62.48020391	0.02542125	0.00686023
62.70185053	0.02478772	0.00668763
62.92349715	0.02401655	0.00654861
63.14514378	0.02291296	0.00641970
63.36679040	0.02180677	0.00627403
63.58843702	0.02048791	0.00611895
63.81008364	0.01924602	0.00594723
64.03173027	0.01807500	0.00576384
64.25337689	0.01694213	0.00560661
64.47502351	0.01582578	0.00550876
64.69667013	0.01510741	0.00544772
64.91831676	0.01453510	0.00538808
65.13996338	0.01402729	0.00537003
65.36161000	0.01356907	0.00538940
65.58325662	0.01316045	0.00539458
65.80490325	0.01280141	0.00542238
66.02654987	0.01249197	0.00550308
66.24819649	0.01232446	0.00563251
66.46984311	0.01249366	0.00581708
66.69148973	0.01267587	0.00598625
66.91313636	0.01307186	0.00609992
67.13478298	0.01338037	0.00615302
67.35642960	0.01360750	0.00616422
67.57807622	0.01378596	0.00615446
67.79972285	0.01393738	0.00609610
68.02136947	0.01406177	0.00597265
68.24301609	0.01418029	0.00579916
68.46466271	0.01432194	0.00558042
68.68630934	0.01448672	0.00531388
68.90795596	0.01467463	0.00501555
69.12960258	0.01488567	0.00468637
69.35124920	0.01537118	0.00433855
69.57289583	0.01583806	0.00395826
69.79454245	0.01628633	0.00358477
70.01618907	0.01665723	0.00324828
70.23783569	0.01694121	0.00295404
70.45948232	0.01710239	0.00270255
70.68112894	0.01741093	0.00251899
70.90277556	0.01765941	0.00241030
71.12442218	0.01784782	0.00236989
71.34606881	0.01797617	0.00238864
71.56771543	0.01802741	0.00246803
71.78936205	0.01803944	0.00259077
72.01100867	0.01802119	0.00271969
72.23265530	0.01797266	0.00286035
72.45430192	0.01788768	0.00300844
72.67594854	0.01750799	0.00317260
72.89759516	0.01708429	0.00336079
73.11924178	0.01666487	0.00354436
73.34088841	0.01631720	0.00370219
73.56253503	0.01605783	0.00384423
73.78418165	0.01592263	0.00395972
74.00582827	0.01550127	0.00405094
74.22747490	0.01503813	0.00413163
74.44912152	0.01462712	0.00418302
74.67076814	0.01427429	0.00423313
74.89241476	0.01397966	0.00424078
75.11406139	0.01366909	0.00423322
75.33570801	0.01333348	0.00419545
75.55735463	0.01297123	0.00413096
75.77900125	0.01257300	0.00404747
76.00064788	0.01194691	0.00395902
76.22229450	0.01128950	0.00387262
76.44394112	0.01061226	0.00379748
76.66558774	0.00991518	0.00372766
76.88723437	0.00919827	0.00368140
77.10888099	0.00846151	0.00367635
77.33052761	0.00784510	0.00372130
77.55217423	0.00739614	0.00377645
77.77382086	0.00703384	0.00386152
77.99546748	0.00675333	0.00398730
78.21711410	0.00655460	0.00415303
78.43876072	0.00645492	0.00437184
78.66040734	0.00641099	0.00460886
78.88205397	0.00641419	0.00485454
79.10370059	0.00648004	0.00510336
79.32534721	0.00680732	0.00536323
79.54699383	0.00724188	0.00560142
79.76864046	0.00772397	0.00581477
79.99028708	0.00825357	0.00598480
80.21193370	0.00878594	0.00614268
80.43358032	0.00931012	0.00624228
80.65522695	0.00982611	0.00631873
80.87687357	0.01030410	0.00635068
81.09852019	0.01091187	0.00635466
81.32016681	0.01171330	0.00631919
81.54181344	0.01241801	0.00623317
81.76346006	0.01306172	0.00611110
81.98510668	0.01374091	0.00595435
82.20675330	0.01453797	0.00577065
82.42839993	0.01529053	0.00556871
82.65004655	0.01599857	0.00535027
82.87169317	0.01666210	0.00515604
83.09333979	0.01728112	0.00495927
83.31498642	0.01785563	0.00479747
83.53663304	0.01843040	0.00465069
83.75827966	0.01901121	0.00451648
83.97992628	0.01959100	0.00436770
84.20157290	0.02014969	0.00424454
84.42321953	0.02051970	0.00413423
84.64486615	0.02063597	0.00404260
84.86651277	0.02076210	0.00394745
85.08815939	0.02083013	0.00383686
85.30980602	0.02078061	0.00372605
85.53145264	0.02056583	0.00354248
85.75309926	0.02010367	0.00333016
85.97474588	0.01951605	0.00313516
86.19639251	0.01893852	0.00298988
86.41803913	0.01834039	0.00289934
86.63968575	0.01772906	0.00287342
86.86133237	0.01710453	0.00290597
87.08297900	0.01662734	0.00296746
87.30462562	0.01612937	0.00303226
87.52627224	0.01561931	0.00314615
87.74791886	0.01528043	0.00323953
87.96956549	0.01494673	0.00332038
88.19121211	0.01458625	0.00340607
88.41285873	0.01422844	0.00342779
88.63450535	0.01387966	0.00344280
88.85615198	0.01338965	0.00348323
89.07779860	0.01319079	0.00353011
89.29944522	0.01309659	0.00356396
89.52109184	0.01297149	0.00363938
89.74273847	0.01284619	0.00371416
89.96438509	0.01274101	0.00377412
90.18603171	0.01250815	0.00383771
90.40767833	0.01212843	0.00391325
90.62932495	0.01178911	0.00400832
90.85097158	0.01146403	0.00412114
91.07261820	0.01095660	0.00423138
91.29426482	0.01043284	0.00432471
91.51591144	0.00995147	0.00437966
91.73755807	0.00951248	0.00441572
91.95920469	0.00911589	0.00441553
92.18085131	0.00888752	0.00438732
92.40249793	0.00856625	0.00432592
92.62414456	0.00821260	0.00426024
92.84579118	0.00782656	0.00416261
93.06743780	0.00740813	0.00405178
93.28908442	0.00711536	0.00394504
93.51073105	0.00695301	0.00382284
93.73237767	0.00685259	0.00370329
93.95402429	0.00679464	0.00358661
94.17567091	0.00677283	0.00346690
94.39731754	0.00677095	0.00333547
94.61896416	0.00683809	0.00321995
94.84061078	0.00683992	0.00313530
95.06225740	0.00678141	0.00306010
95.28390403	0.00677642	0.00303146
95.50555065	0.00677678	0.00301577
95.72719727	0.00689453	0.00298251
95.94884389	0.00713371	0.00294966
96.17049051	0.00754819	0.00291441
96.39213714	0.00820837	0.00289204
96.61378376	0.00875246	0.00293131
96.83543038	0.00932351	0.00305045
97.05707700	0.00985378	0.00321706
97.27872363	0.01035067	0.00343408
97.50037025	0.01080378	0.00367175
97.72201687	0.01122935	0.00393306
97.94366349	0.01157825	0.00422353
