# 	omega_0	omega_1
38.96292719	0.03971106	0.03971106
39.10142955	0.03953306	0.03953306
39.23993191	0.03933315	0.03933315
39.37843427	0.03911143	0.03911143
39.51693663	0.03886799	0.03886799
39.65543899	0.03860289	0.03860289
39.79394135	0.03831614	0.03831614
39.93244372	0.03800790	0.03800790
40.07094608	0.03767811	0.03767811
40.20944844	0.03734945	0.03734945
40.34795080	0.03702208	0.03702208
40.48645316	0.03669581	0.03669581
40.62495552	0.03637051	0.03637051
40.76345788	0.03604629	0.03604629
40.90196024	0.03572319	0.03572319
41.04046260	0.03540121	0.03540121
41.17896496	0.03508030	0.03508030
41.31746732	0.03476049	0.03476049
41.45596968	0.03444175	0.03444175
41.59447204	0.03412403	0.03412403
41.73297440	0.03380734	0.03380734
41.87147676	0.03349185	0.03349185
42.00997912	0.03317725	0.03317725
42.14848149	0.03286381	0.03286381
42.28698385	0.03255135	0.03255135
42.42548621	0.03223970	0.03223970
42.56398857	0.03192911	0.03192911
42.70249093	0.03161969	0.03161969
42.84099329	0.03131125	0.03131125
42.97949565	0.03100380	0.03100380
43.11799801	0.03069736	0.03069736
43.25650037	0.03039193	0.03039193
43.39500273	0.03008743	0.03008743
43.53350509	0.02978389	0.02978389
43.67200745	0.02948135	0.02948135
43.81050981	0.02917974	0.02917974
43.94901217	0.02888171	0.02888171
44.08751453	0.02866525	0.02866525
44.22601689	0.02852995	0.02852995
44.36451926	0.02847558	0.02847558
44.50302162	0.02850193	0.02850193
44.64152398	0.02860872	0.02860872
44.78002634	0.02879562	0.02879562
44.91852870	0.02906246	0.02906246
45.05703106	0.02940898	0.02940898
45.19553342	0.02983484	0.02983484
45.33403578	0.03033990	0.03033990
45.47253814	0.03087610	0.03087610
45.61104050	0.03143211	0.03143211
45.74954286	0.03195748	0.03195748
45.88804522	0.03241775	0.03241775
46.02654758	0.03281038	0.03281038
46.16504994	0.03305774	0.03305774
46.30355230	0.03316034	0.03316034
46.44205466	0.03311860	0.03311860
46.58055703	0.03293294	0.03293294
46.71905939	0.03260385	0.03260385
46.85756175	0.03213180	0.03213180
46.99606411	0.03157857	0.03157857
47.13456647	0.03096162	0.03096162
47.27306883	0.03028126	0.03028126
47.41157119	0.02953755	0.02953755
47.55007355	0.02877864	0.02877864
47.68857591	0.02801577	0.02801577
47.82707827	0.02729924	0.02729924
47.96558063	0.02666354	0.02666354
48.10408299	0.02610822	0.02610822
48.24258535	0.02563317	0.02563317
48.38108771	0.02523837	0.02523837
48.51959007	0.02492351	0.02492351
48.65809243	0.02468823	0.02468823
48.79659480	0.02453229	0.02453229
48.93509716	0.02445551	0.02445551
49.07359952	0.02439617	0.02439617
49.21210188	0.02433704	0.02433704
49.35060424	0.02427808	0.02427808
49.48910660	0.02421933	0.02421933
49.62760896	0.02421316	0.02421316
49.76611132	0.02427668	0.02427668
49.90461368	0.02440976	0.02440976
50.04311604	0.02461212	0.02461212
50.18161840	0.02488369	0.02488369
50.32012076	0.02505329	0.02505329
50.45862312	0.02512317	0.02512317
50.59712548	0.02509319	0.02509319
50.73562784	0.02496324	0.02496324
50.87413021	0.02501313	0.02501313
51.01263257	0.02481503	0.02481503
51.15113493	0.02436881	0.02436881
51.28963729	0.02425927	0.02425927
51.42813965	0.02413430	0.02413430
51.56664201	0.02381800	0.02381800
51.70514437	0.02389311	0.02389311
51.84364673	0.02342395	0.02342395
51.98214909	0.02248244	0.02248244
52.12065145	0.02116849	0.02116849
52.25915381	0.01948238	0.01948238
52.39765617	0.01794016	0.01794016
52.53615853	0.01631879	0.01631879
52.67466089	0.01529879	0.01529879
52.81316325	0.01324512	0.01324512
52.95166561	0.01300785	0.01300785
53.09016798	0.01318610	0.01318610
53.22867034	0.01316436	0.01316436
53.36717270	0.01199097	0.01199097
53.50567506	0.01208340	0.01208340
53.64417742	0.01171340	0.01171340
53.78267978	0.00980559	0.00980559
53.92118214	0.00731078	0.00731078
54.05968450	0.00729975	0.00729975
54.19818686	0.00740603	0.00740603
54.33668922	0.00733880	0.00733880
54.47519158	0.00711163	0.00711163
54.61369394	0.00758072	0.00758072
54.75219630	0.00663366	0.00663366
54.89069866	0.00696639	0.00696639
55.02920102	0.00544901	0.00544901
55.16770338	0.00391019	0.00391019
55.30620575	0.00296562	0.00296562
55.44470811	0.00298211	0.00298211
55.58321047	0.00208715	0.00208715
55.72171283	0.00210327	0.00210327
55.86021519	0.00324713	0.00324713
55.99871755	0.00548652	0.00548652
56.13721991	0.00552858	0.00552858
56.27572227	0.00581063	0.00581063
56.41422463	0.00660290	0.00660290
56.55272699	0.00749026	0.00749026
56.69122935	0.00782848	0.00782848
56.82973171	0.00904966	0.00904966
56.96823407	0.01009311	0.01009311
57.10673643	0.01099471	0.01099471
57.24523879	0.01174837	0.01174837
57.38374115	0.01235411	0.01235411
57.52224352	0.01281191	0.01281191
57.66074588	0.01292891	0.01292891
57.79924824	0.01280825	0.01280825
57.93775060	0.01256562	0.01256562
58.07625296	0.01220102	0.01220102
58.21475532	0.01266007	0.01266007
58.35325768	0.01277397	0.01277397
58.49176004	0.01208853	0.01208853
58.63026240	0.01180427	0.01180427
58.76876476	0.01134454	0.01134454
58.90726712	0.01070934	0.01070934
59.04576948	0.01072422	0.01072422
59.18427184	0.00886193	0.00886193
59.32277420	0.00512856	0.00512856
59.46127656	0.00170183	0.00170183
59.59977892	0.00016760	0.00016760
59.73828129	0.00090795	0.00090795
59.87678365	0.00335708	0.00335708
60.01528601	0.00556286	0.00556286
60.15378837	0.00540052	0.00540052
60.29229073	0.00768713	0.00768713
60.43079309	0.01064287	0.01064287
60.56929545	0.01147333	0.01147333
60.70779781	0.01145138	0.01145138
60.84630017	0.01453296	0.01453296
60.98480253	0.01761257	0.01761257
61.12330489	0.01937452	0.01937452
61.26180725	0.01777847	0.01777847
61.40030961	0.01424661	0.01424661
61.53881197	0.01148034	0.01148034
61.67731433	0.01013340	0.01013340
61.81581669	0.00958229	0.00958229
61.95431906	0.00707989	0.00707989
62.09282142	0.00468015	0.00468015
62.23132378	0.00450783	0.00450783
62.36982614	0.00258621	0.00258621
62.50832850	0.00031025	0.00031025
62.64683086	0.00189081	0.00189081
62.78533322	0.00228453	0.00228453
62.92383558	0.00603268	0.00603268
63.06233794	0.00993238	0.00993238
63.20084030	0.01175301	0.01175301
63.33934266	0.01194559	0.01194559
63.47784502	0.01167593	0.01167593
63.61634738	0.01204227	0.01204227
63.75484974	0.01244781	0.01244781
63.89335210	0.01269743	0.01269743
64.03185446	0.01256366	0.01256366
64.17035683	0.01228508	0.01228508
64.30885919	0.01186716	0.01186716
64.44736155	0.01145784	0.01145784
64.58586391	0.01105017	0.01105017
64.72436627	0.01061537	0.01061537
64.86286863	0.01015345	0.01015345
65.00137099	0.00913576	0.00913576
65.13987335	0.00821661	0.00821661
65.27837571	0.00748554	0.00748554
65.41687807	0.00719753	0.00719753
65.55538043	0.00747592	0.00747592
65.69388279	0.00756283	0.00756283
65.83238515	0.00745823	0.00745823
65.97088751	0.00716217	0.00716217
66.10938987	0.00697132	0.00697132
66.24789223	0.00663691	0.00663691
66.38639460	0.00623481	0.00623481
66.52489696	0.00566214	0.00566214
66.66339932	0.00537102	0.00537102
66.80190168	0.00547844	0.00547844
66.94040404	0.00568364	0.00568364
67.07890640	0.00646460	0.00646460
67.21740876	0.00726436	0.00726436
67.35591112	0.00808279	0.00808279
67.49441348	0.00866490	0.00866490
67.63291584	0.00914373	0.00914373
67.77141820	0.00969776	0.00969776
67.90992056	0.01017936	0.01017936
68.04842292	0.01076838	0.01076838
68.18692528	0.01143243	0.01143243
68.32542764	0.01223556	0.01223556
68.46393000	0.01309662	0.01309662
68.60243237	0.01401591	0.01401591
68.74093473	0.01435416	0.01435416
68.87943709	0.01433502	0.01433502
69.01793945	0.01425939	0.01425939
69.15644181	0.01417798	0.01417798
69.29494417	0.01409096	0.01409096
69.43344653	0.01399852	0.01399852
69.57194889	0.01360094	0.01360094
69.71045125	0.01322763	0.01322763
69.84895361	0.01280562	0.01280562
69.98745597	0.01248684	0.01248684
70.12595833	0.01209147	0.01209147
70.26446069	0.01163953	0.01163953
70.40296305	0.01122177	0.01122177
70.54146541	0.01083818	0.01083818
70.67996777	0.01048860	0.01048860
70.81847014	0.01036028	0.01036028
70.95697250	0.01011249	0.01011249
71.09547486	0.00974518	0.00974518
71.23397722	0.00925833	0.00925833
71.37247958	0.00865196	0.00865196
71.51098194	0.00794020	0.00794020
71.64948430	0.00742918	0.00742918
71.78798666	0.00678976	0.00678976
71.92648902	0.00615896	0.00615896
72.06499138	0.00546967	0.00546967
72.20349374	0.00473240	0.00473240
72.34199610	0.00395967	0.00395967
72.48049846	0.00321663	0.00321663
72.61900082	0.00250326	0.00250326
72.75750318	0.00181953	0.00181953
72.89600554	0.00116539	0.00116539
73.03450791	0.00054094	0.00054094
73.17301027	0.00005386	0.00005386
73.31151263	0.00036742	0.00036742
73.45001499	0.00039761	0.00039761
73.58851735	0.00018209	0.00018209
73.72701971	0.00017814	0.00017814
73.86552207	0.00028660	0.00028660
74.00402443	0.00032859	0.00032859
74.14252679	0.00036880	0.00036880
74.28102915	0.00036698	0.00036698
74.41953151	0.00037915	0.00037915
74.55803387	0.00040544	0.00040544
74.69653623	0.00044602	0.00044602
74.83503859	0.00038165	0.00038165
74.97354095	0.00004790	0.00004790
75.11204331	0.00010320	0.00010320
75.25054568	0.00030420	0.00030420
75.38904804	0.00028937	0.00028937
75.52755040	0.00005639	0.00005639
75.66605276	0.00037139	0.00037139
75.80455512	0.00054311	0.00054311
75.94305748	0.00055818	0.00055818
76.08155984	0.00065470	0.00065470
76.22006220	0.00070531	0.00070531
