# R	vm0	vstd0
39.59161445	0.03642231	0.01871492
39.77910324	0.04008849	0.01744217
39.96659203	0.04213650	0.01626837
40.15408082	0.04482631	0.01501184
40.34156961	0.04528133	0.01380001
40.52905840	0.04559832	0.01266042
40.71654719	0.04615818	0.01169884
40.90403598	0.04624630	0.01110595
41.09152477	0.04592016	0.01074157
41.27901356	0.04543092	0.01036676
41.46650235	0.04368338	0.01007903
41.65399114	0.04150065	0.00969206
41.84147994	0.03840245	0.00950654
42.02896873	0.03575912	0.00965299
42.21645752	0.03475134	0.00977173
42.40394631	0.03272462	0.00999620
42.59143510	0.02768393	0.01025034
42.77892389	0.02426657	0.01041834
42.96641268	0.02021091	0.01059257
43.15390147	0.01897115	0.01068589
43.34139026	0.01736874	0.01076634
43.52887905	0.01560660	0.01080835
43.71636784	0.01438988	0.01064574
43.90385663	0.01356607	0.01051388
44.09134542	0.01303325	0.01055902
44.27883421	0.01388556	0.01052716
44.46632300	0.01392944	0.01044253
44.65381179	0.01549273	0.01029354
44.84130059	0.01605862	0.01009354
45.02878938	0.01666817	0.00988951
45.21627817	0.01709504	0.00970530
45.40376696	0.01745359	0.00941444
45.59125575	0.01787714	0.00911557
45.77874454	0.01834886	0.00889206
45.96623333	0.01827254	0.00864615
46.15372212	0.01871610	0.00826813
46.34121091	0.01908660	0.00786664
46.52869970	0.01939352	0.00751043
46.71618849	0.01971923	0.00715630
46.90367728	0.02005727	0.00683397
47.09116607	0.02040762	0.00654084
47.27865486	0.02063252	0.00632739
47.46614365	0.02064887	0.00613255
47.65363244	0.02044839	0.00598484
47.84112124	0.02027491	0.00590557
48.02861003	0.02024412	0.00583161
48.21609882	0.02027399	0.00573973
48.40358761	0.02008818	0.00563366
48.59107640	0.01986721	0.00552061
48.77856519	0.01962928	0.00543434
48.96605398	0.01938784	0.00532836
49.15354277	0.01915157	0.00523309
49.34103156	0.01892012	0.00514081
49.52852035	0.01876738	0.00508052
49.71600914	0.01871024	0.00502070
49.90349793	0.01874816	0.00500530
50.09098672	0.01888100	0.00500648
50.27847551	0.01912518	0.00501329
50.46596430	0.01892932	0.00499651
50.65345309	0.01870652	0.00496081
50.84094188	0.01845673	0.00490533
51.02843068	0.01889417	0.00487418
51.21591947	0.01947401	0.00486194
51.40340826	0.01998623	0.00480520
51.59089705	0.02048742	0.00472872
51.77838584	0.02097676	0.00465424
51.96587463	0.02145454	0.00461081
52.15336342	0.02162756	0.00463731
52.34085221	0.02173242	0.00466001
52.52834100	0.02153490	0.00466671
52.71582979	0.02124927	0.00467356
52.90331858	0.02087562	0.00466405
53.09080737	0.02041482	0.00466953
53.27829616	0.02042622	0.00470401
53.46578495	0.02049701	0.00469414
53.65327374	0.02062679	0.00468893
53.84076253	0.02006956	0.00470709
54.02825133	0.01951235	0.00471231
54.21574012	0.01896813	0.00469638
54.40322891	0.01836727	0.00470751
54.59071770	0.01787783	0.00470517
54.77820649	0.01744666	0.00467329
54.96569528	0.01736722	0.00469833
55.15318407	0.01734163	0.00476308
55.34067286	0.01755085	0.00486459
55.52816165	0.01774731	0.00494907
55.71565044	0.01779206	0.00505253
55.90313923	0.01754341	0.00519791
56.09062802	0.01730837	0.00537794
56.27811681	0.01708663	0.00560939
56.46560560	0.01697001	0.00588034
56.65309439	0.01687627	0.00614077
56.84058318	0.01675454	0.00638346
57.02807197	0.01662425	0.00661307
57.21556077	0.01682259	0.00683873
57.40304956	0.01692761	0.00705886
57.59053835	0.01681357	0.00724335
57.77802714	0.01648055	0.00737606
57.96551593	0.01504368	0.00744400
58.15300472	0.01310362	0.00750575
58.34049351	0.01115974	0.00755481
58.52798230	0.00936065	0.00754222
58.71547109	0.00784782	0.00739574
58.90295988	0.00631457	0.00714474
59.09044867	0.00597016	0.00686500
59.27793746	0.00582902	0.00664346
59.46542625	0.00563188	0.00639704
59.65291504	0.00553361	0.00616831
59.84040383	0.00539199	0.00599989
60.02789262	0.00444083	0.00587412
60.21538142	0.00372371	0.00566964
60.40287021	0.00351405	0.00553169
60.59035900	0.00340751	0.00540009
60.77784779	0.00428899	0.00531005
60.96533658	0.00575908	0.00520470
61.15282537	0.00724744	0.00512919
61.34031416	0.00881557	0.00506852
61.52780295	0.01046346	0.00499636
61.71529174	0.01205982	0.00496347
61.90278053	0.01213120	0.00494749
62.09026932	0.01181818	0.00496187
62.27775811	0.01086980	0.00499447
62.46524690	0.01026380	0.00497017
62.65273569	0.00980132	0.00496649
62.84022448	0.00992478	0.00500528
63.02771327	0.00984572	0.00508832
63.21520207	0.00946976	0.00518091
63.40269086	0.00920125	0.00527959
63.59017965	0.00904017	0.00540301
63.77766844	0.00882855	0.00549796
63.96515723	0.00866289	0.00554517
64.15264602	0.00847203	0.00554719
64.34013481	0.00863284	0.00551635
64.52762360	0.00871164	0.00545482
64.71511239	0.00911948	0.00538250
64.90260118	0.00959955	0.00526531
65.09008997	0.01074378	0.00512024
65.27757876	0.01147122	0.00490712
65.46506755	0.01189580	0.00464634
65.65255634	0.01246186	0.00442419
65.84004513	0.01282847	0.00424316
66.02753392	0.01294950	0.00409980
66.21502271	0.01331967	0.00401291
66.40251151	0.01358883	0.00394430
66.59000030	0.01375691	0.00388460
66.77748909	0.01382948	0.00384503
66.96497788	0.01380658	0.00381823
67.15246667	0.01323374	0.00378120
67.33995546	0.01284543	0.00372317
67.52744425	0.01240014	0.00367584
67.71493304	0.01191130	0.00362079
67.90242183	0.01139188	0.00355372
68.08991062	0.01079215	0.00349196
68.27739941	0.01040824	0.00342237
68.46488820	0.00985521	0.00333817
68.65237699	0.00948462	0.00326530
68.83986578	0.00934260	0.00318616
69.02735457	0.00891872	0.00310727
69.21484336	0.00851842	0.00303264
69.40233216	0.00814293	0.00296521
69.58982095	0.00779501	0.00290135
69.77730974	0.00747464	0.00286208
69.96479853	0.00726131	0.00284048
70.15228732	0.00698588	0.00281990
70.33977611	0.00674365	0.00281211
70.52726490	0.00656997	0.00281066
70.71475369	0.00645197	0.00282339
70.90224248	0.00643938	0.00285880
71.08973127	0.00647887	0.00291723
71.27722006	0.00651101	0.00298917
71.46470885	0.00652519	0.00308145
71.65219764	0.00652142	0.00319596
71.83968643	0.00651538	0.00332768
72.02717522	0.00655181	0.00347613
72.21466401	0.00662955	0.00363550
72.40215281	0.00674859	0.00380847
72.58964160	0.00690894	0.00399503
72.77713039	0.00712175	0.00418193
72.96461918	0.00749200	0.00436684
73.15210797	0.00801906	0.00453991
73.33959676	0.00866457	0.00469218
73.52708555	0.00936543	0.00482409
73.71457434	0.00993430	0.00493083
73.90206313	0.01037118	0.00499340
74.08955192	0.01033367	0.00502919
74.27704071	0.01001041	0.00501691
74.46452950	0.00969727	0.00494951
74.65201829	0.00939426	0.00486333
74.83950708	0.00910138	0.00475814
75.02699587	0.00881863	0.00461405
75.21448466	0.00863101	0.00445358
75.40197345	0.00900828	0.00428448
75.58946225	0.00910347	0.00411069
75.77695104	0.00936597	0.00392175
75.96443983	0.00767387	0.00371836
76.15192862	0.00634800	0.00352741
76.33941741	0.00560933	0.00335569
76.52690620	0.00504359	0.00319213
76.71439499	0.00460155	0.00304710
76.90188378	0.00462560	0.00294880
77.08937257	0.00516504	0.00290669
77.27686136	0.00569964	0.00287776
77.46435015	0.00611892	0.00287497
77.65183894	0.00565067	0.00287847
77.83932773	0.00544279	0.00291288
78.02681652	0.00541027	0.00298022
78.21430531	0.00501914	0.00303296
78.40179410	0.00501117	0.00305201
78.58928290	0.00456081	0.00306059
78.77677169	0.00586234	0.00302364
78.96426048	0.00672572	0.00298273
79.15174927	0.00699299	0.00296959
79.33923806	0.00726576	0.00296429
79.52672685	0.00693849	0.00293042
79.71421564	0.00704114	0.00289807
79.90170443	0.00668332	0.00287869
80.08919322	0.00628268	0.00282446
80.27668201	0.00617666	0.00278407
80.46417080	0.00745199	0.00277269
80.65165959	0.00807935	0.00274208
80.83914838	0.00748729	0.00270405
81.02663717	0.00677831	0.00265719
81.21412596	0.00604461	0.00265222
81.40161475	0.00555697	0.00272583
81.58910355	0.00524302	0.00280157
81.77659234	0.00500726	0.00288643
81.96408113	0.00491793	0.00298677
82.15156992	0.00518803	0.00308708
82.33905871	0.00567519	0.00316774
82.52654750	0.00644508	0.00322932
82.71403629	0.00695218	0.00329316
82.90152508	0.00725015	0.00334865
83.08901387	0.00795759	0.00337007
83.27650266	0.00835339	0.00337640
83.46399145	0.00810503	0.00330967
83.65148024	0.00871786	0.00325433
83.83896903	0.00933757	0.00319684
84.02645782	0.00996881	0.00315397
84.21394661	0.01108462	0.00314305
84.40143540	0.01174624	0.00309611
84.58892419	0.01250381	0.00307690
84.77641299	0.01352399	0.00310029
84.96390178	0.01386125	0.00313417
85.15139057	0.01431272	0.00319450
85.33887936	0.01405616	0.00324658
85.52636815	0.01412373	0.00329781
85.71385694	0.01413796	0.00335001
85.90134573	0.01353727	0.00342511
86.08883452	0.01272786	0.00350347
86.27632331	0.01292365	0.00353055
86.46381210	0.01319076	0.00353282
86.65130089	0.01338347	0.00351469
86.83878968	0.01334960	0.00350961
87.02627847	0.01273467	0.00347499
87.21376726	0.01247744	0.00341588
87.40125605	0.01199738	0.00338436
87.58874484	0.01106303	0.00335550
87.77623364	0.01039716	0.00330842
87.96372243	0.00998983	0.00325543
88.15121122	0.00956767	0.00321265
88.33870001	0.00929647	0.00317922
88.52618880	0.00953430	0.00315692
88.71367759	0.00980389	0.00314464
88.90116638	0.01007140	0.00319001
89.08865517	0.01033683	0.00327256
89.27614396	0.01060018	0.00340418
89.46363275	0.01082320	0.00358531
89.65112154	0.01115343	0.00380619
89.83861033	0.01147231	0.00404968
90.02609912	0.01177983	0.00431176
