# 	phi_year_0	phi_year_1
37.35612075	2.35944868	2.81022688
37.56178361	2.35260234	2.79749487
37.76744647	2.34495613	2.78237128
37.97310933	2.33638403	2.76543461
38.17877219	2.32688604	2.74668486
38.38443505	2.31646218	2.72612205
38.59009790	2.30511243	2.70374615
38.79576076	2.29283680	2.67955719
39.00142362	2.27963529	2.65355514
39.20708648	2.26704033	2.62828691
39.41274934	2.25397443	2.59116967
39.61841220	2.24138586	2.55395685
39.82407506	2.23284733	2.51884458
40.02973792	2.22286647	2.48583286
40.23540078	2.21162309	2.45492170
40.44106364	2.19640220	2.42518169
40.64672650	2.17746073	2.39740706
40.85238936	2.16194470	2.37021094
41.05805222	2.14214629	2.34301482
41.26371508	2.11690597	2.31581869
41.46937794	2.08622374	2.29282268
41.67504079	2.05124997	2.27266804
41.88070365	2.03079768	2.25535478
42.08636651	2.00855643	2.24088290
42.29202937	1.97422309	2.22925239
42.49769223	1.93788006	2.22172368
42.70335509	1.90047499	2.21285160
42.90901795	1.85905562	2.20058723
43.11468081	1.81911431	2.18493058
43.32034367	1.78047124	2.16623385
43.52600653	1.74584141	2.14528756
43.73166939	1.71496789	2.12295679
43.93733225	1.68081339	2.10165400
44.14299511	1.65121174	2.08130166
44.34865797	1.62732247	2.06187277
44.55432083	1.60914556	2.03875694
44.75998369	1.59553066	2.01159281
44.96564654	1.56766473	1.98334615
45.17130940	1.54185824	1.95202485
45.37697226	1.52841430	1.91905798
45.58263512	1.51725051	1.88318511
45.78829798	1.50741922	1.84959704
45.99396084	1.49758793	1.81856445
46.19962370	1.48775664	1.79212524
46.40528656	1.47792535	1.76992723
46.61094942	1.46809406	1.75117988
46.81661228	1.45826277	1.73501810
47.02227514	1.44843149	1.71902945
47.22793800	1.43860020	1.70312689
47.43360086	1.42876891	1.68713041
47.63926372	1.41893762	1.67145028
47.84492658	1.40910633	1.65780662
48.05058943	1.39927504	1.64323364
48.25625229	1.38944375	1.62972345
48.46191515	1.37961246	1.61584700
48.66757801	1.36978117	1.60081805
48.87324087	1.35994988	1.58434493
49.07890373	1.35011859	1.56838757
49.28456659	1.34028730	1.55293309
49.49022945	1.33045601	1.53798147
49.69589231	1.32062472	1.52353273
49.90155517	1.31079343	1.50958686
50.10721803	1.30096214	1.49614385
50.31288089	1.29113085	1.48228450
50.51854375	1.28129956	1.46805319
50.72420661	1.27146828	1.45344992
50.92986947	1.26163699	1.43847470
51.13553232	1.25180570	1.42241189
51.34119518	1.24197441	1.40615379
51.54685804	1.23214312	1.39042833
51.75252090	1.22225560	1.37602176
51.95818376	1.21230864	1.36348010
52.16384662	1.20230226	1.35257335
52.36950948	1.19223644	1.34122963
52.57517234	1.18176290	1.32944896
52.78083520	1.16926891	1.31723132
52.98649806	1.15581413	1.30457673
53.19216092	1.14247827	1.29148517
53.39782378	1.12926134	1.27904046
53.60348664	1.11616333	1.26740518
53.80914950	1.10318424	1.25654839
54.01481236	1.09032408	1.24635536
54.22047521	1.07758284	1.23754175
54.42613807	1.06496053	1.22880333
54.63180093	1.05245714	1.21892091
54.83746379	1.04005050	1.20789448
55.04312665	1.02766488	1.19572406
55.24878951	1.01530028	1.18259439
55.45445237	1.00295670	1.16898677
55.66011523	0.99098241	1.15490120
55.86577809	0.98044951	1.14033768
56.07144095	0.97067706	1.12529621
56.27710381	0.96071034	1.10977679
56.48276667	0.95066474	1.09377941
56.68842953	0.94061913	1.07774826
56.89409239	0.93057492	1.06192582
57.09975525	0.92053433	1.04642680
57.30541811	0.91049735	1.03125119
57.51108096	0.90046399	1.01681092
57.71674382	0.88939014	1.00359723
57.92240668	0.87836846	0.99161013
58.12806954	0.86743885	0.98084962
58.33373240	0.85623264	0.97117925
58.53939526	0.84499773	0.96216459
58.74505812	0.83395433	0.95380564
58.95072098	0.82364311	0.94610238
59.15638384	0.81384104	0.93905483
59.36204670	0.80442475	0.93266298
59.56770956	0.79527883	0.92692684
59.77337242	0.78632443	0.92140221
59.97903528	0.77756011	0.91587759
60.18469814	0.76898368	0.91035297
60.39036100	0.76059514	0.90482835
60.59602385	0.75207462	0.89432553
60.80168671	0.74435769	0.88367492
61.00734957	0.73643012	0.87287650
61.21301243	0.72834599	0.86193029
61.41867529	0.72099769	0.85083627
61.62433815	0.71413734	0.83959446
61.83000101	0.70754472	0.82820484
62.03566387	0.70121982	0.81666743
62.24132673	0.69500691	0.80498221
62.44698959	0.68890441	0.79321767
62.65265245	0.68291232	0.78141313
62.85831531	0.67312348	0.76956859
63.06397817	0.65953639	0.75768406
63.26964103	0.64215105	0.74575954
63.47530389	0.62333921	0.73379501
63.68096674	0.60807522	0.72548740
63.88662960	0.59208811	0.71555029
64.09229246	0.57203777	0.70446169
64.29795532	0.54910531	0.69222159
64.50361818	0.54136594	0.68130806
64.70928104	0.51530886	0.66842293
64.91494390	0.48830067	0.65373549
65.12060676	0.46086609	0.63709051
65.32626962	0.43308149	0.62011401
65.53193248	0.40494539	0.60361848
65.73759534	0.37645738	0.58696139
65.94325820	0.35152458	0.57014277
66.14892106	0.33014851	0.55316261
66.35458392	0.31232918	0.53602091
66.56024678	0.29569483	0.51871766
66.76590964	0.27559096	0.50253416
66.97157249	0.25639709	0.48792643
67.17723535	0.24145330	0.47441645
67.38289821	0.22946387	0.46200422
67.58856107	0.20169251	0.44799261
67.79422393	0.19165006	0.43539619
67.99988679	0.18264562	0.42373554
68.20554965	0.17382945	0.41315703
68.41121251	0.16512518	0.40159483
68.61687537	0.15653429	0.38893737
68.82253823	0.14800376	0.37578783
69.02820109	0.13879269	0.36214621
69.23386395	0.12921110	0.34779358
69.43952681	0.11967943	0.33244158
69.64518967	0.11019768	0.31689183
69.85085253	0.10076586	0.30171461
70.05651538	0.09138395	0.28690993
70.26217824	0.08150919	0.27247779
70.46784110	0.07134103	0.25627682
70.67350396	0.06070973	0.23605421
70.87916682	0.04576314	0.21692641
71.08482968	0.03362281	0.19568793
71.29049254	0.01758292	0.17408083
71.49615540	0.00118971	0.15353837
71.70181826	-0.01555681	0.13329114
71.90748112	-0.03260321	0.11333913
72.11314398	-0.04920859	0.09379910
72.31880684	-0.06568296	0.07493280
72.52446970	-0.08244677	0.05702857
72.73013256	-0.09950002	0.03928482
72.93579542	-0.11684269	0.02113123
73.14145827	-0.13447481	0.00256782
73.34712113	-0.15170412	-0.01633313
73.55278399	-0.16853147	-0.03332198
73.75844685	-0.18452025	-0.04592681
73.96410971	-0.19576560	-0.05898051
74.16977257	-0.21006480	-0.06898157
74.37543543	-0.22038698	-0.07767612
74.58109829	-0.23027841	-0.08605758
74.78676115	-0.23973908	-0.09412593
74.99242401	-0.24874442	-0.10188119
75.19808687	-0.25720896	-0.10944009
75.40374973	-0.26513270	-0.11774922
75.60941259	-0.27251564	-0.12774850
75.81507545	-0.27935778	-0.14012438
76.02073831	-0.28565912	-0.15321116
76.22640117	-0.29141966	-0.16649917
76.43206402	-0.29710104	-0.17970675
76.63772688	-0.30298988	-0.19279210
76.84338974	-0.30921572	-0.20575524
77.04905260	-0.31583129	-0.21859615
77.25471546	-0.32283658	-0.23130072
77.46037832	-0.32978469	-0.24385602
77.66604118	-0.33498784	-0.25626207
77.87170404	-0.34149265	-0.26851887
78.07736690	-0.34857027	-0.28062641
78.28302976	-0.35590073	-0.29258469
78.48869262	-0.36431126	-0.30348997
78.69435548	-0.37494848	-0.31240229
78.90001834	-0.38429803	-0.31863524
79.10568120	-0.39531582	-0.32385450
79.31134406	-0.40686475	-0.32897677
79.51700691	-0.41819050	-0.33401378
79.72266977	-0.42972843	-0.33911558
79.92833263	-0.44139868	-0.34428218
80.13399549	-0.45774781	-0.34951358
80.33965835	-0.47416493	-0.35697692
80.54532121	-0.49268231	-0.36562999
80.75098407	-0.51287721	-0.37527404
80.95664693	-0.53170303	-0.38548817
81.16230979	-0.54991317	-0.39591048
81.36797265	-0.56791309	-0.40724053
81.57363551	-0.58487555	-0.41936162
81.77929837	-0.59965394	-0.43227373
81.98496123	-0.61576261	-0.44597687
82.19062409	-0.63024565	-0.46070335
82.39628695	-0.64424016	-0.47495235
82.60194980	-0.65818830	-0.48906612
82.80761266	-0.67146710	-0.50304467
83.01327552	-0.68415643	-0.51836026
83.21893838	-0.69170973	-0.53677001
83.42460124	-0.69873788	-0.55297633
83.63026410	-0.70365554	-0.56802141
83.83592696	-0.70857320	-0.58210402
84.04158982	-0.71349086	-0.59564506
84.24725268	-0.71840852	-0.60900641
84.45291554	-0.72332619	-0.62148853
84.65857840	-0.72824385	-0.63320813
84.86424126	-0.73354878	-0.64640823
85.06990412	-0.73946289	-0.66019425
85.27556698	-0.74867293	-0.67338494
85.48122984	-0.76837099	-0.68707406
85.68689269	-0.78226299	-0.70126161
85.89255555	-0.79852928	-0.71594760
86.09821841	-0.81555553	-0.72965974
86.30388127	-0.83334175	-0.74064093
86.50954413	-0.85188795	-0.75202161
86.71520699	-0.87119411	-0.76435928
86.92086985	-0.89126024	-0.77823520
87.12653271	-0.91208635	-0.79275401
87.33219557	-0.93367242	-0.80783895
87.53785843	-0.95601847	-0.82349002
87.74352129	-0.97912448	-0.83970723
87.94918415	-1.00888679	-0.85424754
88.15484701	-1.03983147	-0.86871214
88.36050987	-1.06166559	-0.88406847
88.56617273	-1.07819372	-0.90031653
88.77183559	-1.10136203	-0.91745631
88.97749844	-1.12532333	-0.93548782
89.18316130	-1.14893621	-0.95441105
89.38882416	-1.17220065	-0.97422601
89.59448702	-1.19511668	-0.99493270
89.80014988	-1.21768427	-1.01206877
90.00581274	-1.24000911	-1.02191757
90.21147560	-1.26209592	-1.03990951
90.41713846	-1.28382337	-1.06041039
90.62280132	-1.30494432	-1.08428181
90.82846418	-1.32953665	-1.10836179
91.03412704	-1.34612105	-1.13230166
91.23978990	-1.36717501	-1.16932521
91.44545276	-1.39371578	-1.20472468
91.65111562	-1.41474667	-1.23850007
91.85677848	-1.43461559	-1.27065140
92.06244133	-1.45098939	-1.30117865
92.26810419	-1.46662380	-1.33008183
92.47376705	-1.48151883	-1.35736094
92.67942991	-1.49567447	-1.38301598
