# R	vm0	vstd0
32.17592280	0.04812506	0.02105655
32.40218535	0.05128248	0.01925663
32.62844791	0.05360701	0.01744618
32.85471046	0.05638281	0.01569682
33.08097302	0.05835898	0.01414781
33.30723557	0.05876192	0.01279242
33.53349813	0.05936251	0.01165379
33.75976068	0.06151121	0.01098980
33.98602323	0.06385501	0.01082225
34.21228579	0.06685019	0.01034927
34.43854834	0.06772241	0.01014690
34.66481090	0.06701546	0.00983445
34.89107345	0.06828473	0.00982925
35.11733601	0.06692339	0.00970207
35.34359856	0.06710006	0.00964523
35.56986112	0.06564751	0.00974753
35.79612367	0.06300901	0.01007700
36.02238622	0.06088072	0.01050450
36.24864878	0.05818835	0.01088185
36.47491133	0.05664609	0.01135657
36.70117389	0.05639298	0.01146358
36.92743644	0.05634585	0.01193995
37.15369900	0.05453209	0.01214761
37.37996155	0.05257367	0.01232010
37.60622411	0.05095856	0.01253368
37.83248666	0.04963888	0.01266318
38.05874921	0.04903175	0.01282019
38.28501177	0.04803800	0.01274675
38.51127432	0.04834057	0.01255735
38.73753688	0.04915104	0.01226680
38.96379943	0.04968133	0.01181019
39.19006199	0.05015720	0.01137671
39.41632454	0.05080677	0.01099734
39.64258710	0.05142016	0.01080933
39.86884965	0.05153673	0.01065363
40.09511220	0.05180634	0.01054472
40.32137476	0.05154127	0.01043368
40.54763731	0.05136368	0.01041172
40.77389987	0.05100461	0.01033043
41.00016242	0.05031422	0.01055045
41.22642498	0.04955701	0.01073438
41.45268753	0.04834482	0.01090220
41.67895009	0.04775218	0.01088567
41.90521264	0.04656286	0.01094461
42.13147519	0.04438755	0.01097255
42.35773775	0.04223418	0.01101122
42.58400030	0.04022909	0.01096733
42.81026286	0.03852022	0.01076459
43.03652541	0.03699044	0.01065440
43.26278797	0.03559226	0.01051792
43.48905052	0.03428609	0.01033201
43.71531308	0.03306348	0.01008334
43.94157563	0.03192412	0.00983547
44.16783818	0.03114957	0.00959008
44.39410074	0.03072686	0.00931927
44.62036329	0.02999790	0.00895448
44.84662585	0.02937424	0.00858070
45.07288840	0.02831197	0.00820546
45.29915096	0.02756134	0.00778199
45.52541351	0.02793239	0.00739652
45.75167607	0.02842936	0.00715045
45.97793862	0.02892593	0.00699331
46.20420118	0.02927414	0.00679224
46.43046373	0.02959113	0.00654106
46.65672628	0.02993780	0.00631520
46.88298884	0.03034348	0.00613869
47.10925139	0.03081661	0.00611180
47.33551395	0.03109669	0.00607508
47.56177650	0.03117808	0.00605729
47.78803906	0.03107373	0.00602229
48.01430161	0.03133300	0.00602285
48.24056417	0.03166609	0.00603506
48.46682672	0.03264156	0.00603950
48.69308927	0.03328110	0.00603558
48.91935183	0.03325099	0.00610065
49.14561438	0.03317987	0.00616901
49.37187694	0.03301866	0.00624963
49.59813949	0.03276734	0.00627998
49.82440205	0.03242592	0.00632355
50.05066460	0.03158897	0.00638904
50.27692716	0.03097692	0.00643285
50.50318971	0.03029510	0.00651112
50.72945226	0.02980433	0.00652119
50.95571482	0.02923251	0.00652819
51.18197737	0.02858184	0.00652256
51.40823993	0.02796109	0.00654922
51.63450248	0.02725560	0.00653015
51.86076504	0.02646666	0.00645420
52.08702759	0.02560427	0.00638085
52.31329015	0.02466845	0.00629455
52.53955270	0.02387353	0.00617976
52.76581525	0.02312316	0.00607843
52.99207781	0.02241733	0.00597097
53.21834036	0.02182197	0.00587125
53.44460292	0.02213779	0.00572953
53.67086547	0.02230598	0.00559110
53.89712803	0.02243708	0.00545925
54.12339058	0.02274897	0.00529731
54.34965314	0.02323785	0.00518121
54.57591569	0.02373465	0.00507459
54.80217824	0.02428100	0.00493224
55.02844080	0.02487692	0.00473577
55.25470335	0.02552112	0.00454463
55.48096591	0.02612514	0.00438983
55.70722846	0.02659805	0.00431948
55.93349102	0.02706601	0.00428632
56.15975357	0.02748454	0.00428883
56.38601613	0.02775476	0.00427138
56.61227868	0.02801125	0.00421944
56.83854123	0.02787056	0.00420835
57.06480379	0.02765132	0.00419450
57.29106634	0.02753765	0.00419486
57.51732890	0.02731166	0.00418935
57.74359145	0.02694042	0.00426230
57.96985401	0.02658772	0.00437763
58.19611656	0.02621191	0.00446275
58.42237912	0.02589809	0.00453386
58.64864167	0.02612077	0.00463404
58.87490422	0.02643513	0.00472871
59.10116678	0.02630988	0.00480747
59.32742933	0.02623573	0.00490899
59.55369189	0.02642071	0.00498359
59.77995444	0.02689907	0.00508707
60.00621700	0.02745039	0.00518502
60.23247955	0.02804849	0.00525328
60.45874211	0.02870808	0.00533740
60.68500466	0.02942918	0.00542432
60.91126721	0.02995887	0.00555813
61.13752977	0.03049541	0.00563520
61.36379232	0.03080797	0.00571662
61.59005488	0.03130260	0.00577762
61.81631743	0.03173251	0.00584742
62.04257999	0.03161607	0.00593348
62.26884254	0.03147652	0.00594564
62.49510510	0.03193612	0.00598004
62.72136765	0.03224669	0.00599602
62.94763020	0.03239014	0.00602749
63.17389276	0.03243113	0.00602116
63.40015531	0.03234642	0.00597702
63.62641787	0.03222288	0.00590701
63.85268042	0.03206051	0.00588795
64.07894298	0.03185931	0.00589576
64.30520553	0.03187218	0.00587717
64.53146809	0.03186539	0.00582274
64.75773064	0.03187156	0.00571456
64.98399320	0.03164246	0.00566143
65.21025575	0.03139183	0.00561976
65.43651830	0.03125164	0.00557353
65.66278086	0.03154082	0.00553043
65.88904341	0.03163166	0.00546177
66.11530597	0.03158313	0.00536488
66.34156852	0.03137771	0.00529140
66.56783108	0.03111417	0.00525494
66.79409363	0.03094705	0.00520458
67.02035619	0.03069862	0.00516311
67.24661874	0.03036889	0.00513126
67.47288129	0.02979424	0.00510527
67.69914385	0.02934991	0.00515373
67.92540640	0.02899690	0.00515657
68.15166896	0.02877164	0.00520715
68.37793151	0.02864061	0.00517632
68.60419407	0.02852458	0.00515483
68.83045662	0.02829205	0.00517805
69.05671918	0.02759041	0.00529710
69.28298173	0.02701597	0.00529013
69.50924428	0.02666712	0.00533803
69.73550684	0.02651864	0.00538543
69.96176939	0.02641332	0.00536982
70.18803195	0.02623975	0.00535188
70.41429450	0.02608707	0.00524220
70.64055706	0.02587974	0.00518629
70.86681961	0.02541009	0.00510474
71.09308217	0.02388239	0.00504697
71.31934472	0.02272657	0.00502536
71.54560727	0.02219509	0.00501985
71.77186983	0.02141365	0.00504627
71.99813238	0.02118175	0.00509789
72.22439494	0.02080375	0.00523147
72.45065749	0.02119439	0.00538358
72.67692005	0.02124029	0.00551726
72.90318260	0.02110892	0.00572408
73.12944516	0.02063302	0.00580652
73.35570771	0.02022434	0.00609097
73.58197026	0.02000297	0.00626248
73.80823282	0.01976707	0.00639120
74.03449537	0.01959069	0.00653420
74.26075793	0.01990290	0.00671378
74.48702048	0.02126486	0.00693922
74.71328304	0.02325288	0.00705259
74.93954559	0.02316963	0.00716447
75.16580815	0.02381120	0.00715869
75.39207070	0.02475230	0.00713564
75.61833325	0.02646373	0.00720240
75.84459581	0.02667917	0.00726003
76.07085836	0.02777625	0.00732490
76.29712092	0.02889130	0.00727482
76.52338347	0.03000810	0.00742533
76.74964603	0.03104207	0.00747547
76.97590858	0.03135481	0.00749303
77.20217114	0.03197014	0.00753101
77.42843369	0.03300374	0.00760324
77.65469624	0.03361078	0.00754597
77.88095880	0.03393754	0.00748930
78.10722135	0.03312597	0.00764569
78.33348391	0.03380060	0.00786051
78.55974646	0.03395232	0.00784222
78.78600902	0.03319746	0.00785272
79.01227157	0.03180470	0.00797411
79.23853413	0.03089597	0.00813156
79.46479668	0.02923841	0.00814108
79.69105923	0.02784931	0.00807072
79.91732179	0.02671136	0.00795390
80.14358434	0.02553631	0.00783903
80.36984690	0.02476593	0.00775412
80.59610945	0.02372811	0.00768839
80.82237201	0.02207413	0.00769830
81.04863456	0.02073457	0.00773184
81.27489712	0.01969339	0.00768867
81.50115967	0.01881013	0.00774866
81.72742222	0.01802289	0.00782552
81.95368478	0.01729471	0.00783971
82.17994733	0.01644068	0.00782387
82.40620989	0.01574109	0.00778497
82.63247244	0.01538993	0.00781407
82.85873500	0.01538719	0.00787411
83.08499755	0.01522942	0.00780616
83.31126011	0.01505488	0.00773314
83.53752266	0.01508881	0.00765069
83.76378522	0.01546652	0.00752054
83.99004777	0.01595150	0.00733510
84.21631032	0.01669045	0.00720321
84.44257288	0.01753973	0.00712676
84.66883543	0.01822077	0.00694808
84.89509799	0.01882986	0.00675792
85.12136054	0.01937426	0.00649065
85.34762310	0.01982477	0.00620578
85.57388565	0.02040297	0.00604700
85.80014821	0.02078601	0.00582542
86.02641076	0.02107070	0.00571201
86.25267331	0.02143027	0.00560423
86.47893587	0.02142590	0.00548546
86.70519842	0.02140324	0.00546426
86.93146098	0.02091675	0.00546643
87.15772353	0.02036103	0.00548573
87.38398609	0.01978111	0.00551058
87.61024864	0.01939156	0.00549210
87.83651120	0.01870450	0.00547067
88.06277375	0.01796800	0.00549895
88.28903630	0.01753464	0.00539406
88.51529886	0.01712773	0.00535503
88.74156141	0.01676539	0.00535882
88.96782397	0.01588504	0.00542769
89.19408652	0.01497163	0.00551931
89.42034908	0.01461985	0.00563266
89.64661163	0.01381042	0.00573286
89.87287419	0.01302957	0.00576204
90.09913674	0.01228884	0.00589121
90.32539929	0.01176473	0.00603241
90.55166185	0.01102061	0.00618504
90.77792440	0.01011505	0.00637546
91.00418696	0.00998424	0.00657712
91.23044951	0.00932704	0.00669173
91.45671207	0.00821217	0.00681544
91.68297462	0.00678429	0.00708949
91.90923718	0.00535995	0.00752204
92.13549973	0.00395021	0.00805384
92.36176228	0.00311765	0.00864648
92.58802484	0.00238265	0.00933408
92.81428739	0.00112309	0.01004789
93.04054995	0.00018500	0.01079101
