# 	phi_year_0	phi_year_1
33.84526917	5.66724754	6.14849813
34.05768695	5.62499918	6.13782399
34.27010473	5.58174256	6.11781264
34.48252251	5.53612852	6.09995663
34.69494029	5.49035292	6.07394275
34.90735808	5.44441576	6.03203492
35.11977586	5.39770539	5.99133051
35.33219364	5.35019167	5.96530373
35.54461142	5.30186220	5.94041233
35.75702920	5.24512053	5.91362240
35.96944698	5.20545315	5.88267724
36.18186476	5.17951693	5.84967151
36.39428254	5.12885820	5.81170554
36.60670033	5.09855036	5.76778429
36.81911811	5.06068934	5.73168998
37.03153589	5.04399045	5.70046551
37.24395367	5.02886181	5.65895190
37.45637145	5.01511871	5.62392589
37.66878923	5.00106658	5.58295004
37.88120701	4.98463350	5.55109435
38.09362479	4.97005326	5.53398306
38.30604258	4.95051901	5.51397752
38.51846036	4.93226951	5.47759045
38.73087814	4.91261294	5.43834965
38.94329592	4.89044128	5.40002692
39.15571370	4.86839963	5.36478843
39.36813148	4.84267772	5.33299518
39.58054926	4.81951959	5.29989956
39.79296704	4.79195828	5.27536398
40.00538482	4.76460393	5.25611437
40.21780261	4.73800738	5.23482069
40.43022039	4.71451556	5.21608753
40.64263817	4.69041786	5.19848557
40.85505595	4.66875802	5.18295966
41.06747373	4.64938574	5.16475303
41.27989151	4.62791415	5.14597752
41.49230929	4.61176175	5.12717440
41.70472707	4.59471991	5.10835675
41.91714486	4.57949286	5.08953901
42.12956264	4.56757899	5.07072118
42.34198042	4.55633321	5.05190327
42.55439820	4.54963704	5.03308527
42.76681598	4.54149297	5.01901477
42.97923376	4.53648146	5.00211006
43.19165154	4.53071597	4.97459145
43.40406932	4.52496674	4.94730858
43.61648711	4.51915958	4.92145049
43.82890489	4.51181498	4.89701717
44.04132267	4.50404201	4.87394639
44.25374045	4.49601876	4.85194137
44.46615823	4.48814122	4.83100209
44.67857601	4.48049381	4.81112857
44.89099379	4.47307655	4.79231778
45.10341157	4.46245203	4.77394778
45.31582936	4.44874996	4.75601855
45.52824714	4.43630230	4.73628132
45.74066492	4.42503780	4.71878017
45.95308270	4.41701888	4.70013861
46.16550048	4.40470208	4.68031553
46.37791826	4.38631527	4.66563918
46.59033604	4.36755748	4.65185107
46.80275382	4.34850291	4.63776216
47.01517160	4.33063106	4.62337245
47.22758939	4.31283286	4.60874417
47.44000717	4.29495658	4.59433461
47.65242495	4.27675931	4.58019412
47.86484273	4.25815662	4.56632270
48.07726051	4.23914851	4.55011542
48.28967829	4.22317239	4.53495315
48.50209607	4.21009853	4.52083588
48.71451385	4.19668247	4.51001242
48.92693164	4.18177778	4.49843865
49.13934942	4.16307550	4.48949109
49.35176720	4.14811912	4.48093017
49.56418498	4.14022121	4.47273106
49.77660276	4.13290607	4.46470479
49.98902054	4.12584272	4.45602929
50.20143832	4.11903116	4.44670456
50.41385610	4.11247139	4.43673061
50.62627389	4.10616341	4.42205316
50.83869167	4.10010723	4.40987640
51.05110945	4.09430283	4.39725387
51.26352723	4.08875022	4.38679352
51.47594501	4.08341137	4.37573643
51.68836279	4.07826418	4.36408261
51.90078057	4.07222116	4.35183205
52.11319835	4.06642872	4.33898475
52.32561613	4.06087416	4.32554073
52.53803392	4.05545724	4.31149996
52.75045170	4.05017797	4.29686246
52.96286948	4.04439465	4.28312994
53.17528726	4.03843826	4.26966982
53.38770504	4.03230880	4.25648210
53.60012282	4.02627233	4.24449199
53.81254060	4.01560802	4.23698590
54.02495838	4.00364946	4.22670927
54.23737617	3.99223780	4.21660859
54.44979395	3.97919412	4.20668383
54.66221173	3.96455647	4.19693500
54.87462951	3.95081923	4.18816568
55.08704729	3.93711486	4.17992486
55.29946507	3.92344336	4.17221252
55.51188285	3.90981745	4.16502867
55.72430063	3.89633735	4.15758877
55.93671842	3.88300307	4.14898355
56.14913620	3.86981459	4.14047465
56.36155398	3.85677191	4.13161736
56.57397176	3.84387505	4.12142269
56.78638954	3.83085793	4.11097044
56.99880732	3.82216242	4.10086800
57.21122510	3.81460218	4.09111536
57.42364288	3.80633604	4.08171253
57.63606067	3.79954293	4.07265951
57.84847845	3.79422284	4.06362701
58.06089623	3.78790349	4.05378068
58.27331401	3.78145241	4.04357155
58.48573179	3.77401871	4.03299962
58.69814957	3.76085721	4.02206489
58.91056735	3.74720057	4.01155189
59.12298513	3.73927115	4.00236991
59.33540291	3.72986220	3.99221948
59.54782070	3.71897374	3.98318086
59.76023848	3.70725233	3.97624303
59.97265626	3.69489704	3.96940097
60.18507404	3.68216977	3.96265468
60.39749182	3.66892330	3.95600414
60.60990960	3.65515761	3.94944937
60.82232738	3.64087273	3.94046142
61.03474516	3.62612127	3.93107534
61.24716295	3.61096310	3.91904283
61.45958073	3.59539822	3.90842419
61.67199851	3.58075248	3.89807760
61.88441629	3.57184240	3.88800305
62.09683407	3.56343533	3.87820055
62.30925185	3.54930891	3.86867008
62.52166963	3.53666986	3.85913672
62.73408741	3.52551821	3.84941958
62.94650520	3.51520735	3.83951867
63.15892298	3.50596981	3.82943398
63.37134076	3.49693677	3.81916552
63.58375854	3.48810823	3.80871329
63.79617632	3.47948417	3.79807729
64.00859410	3.47106462	3.78978646
64.22101188	3.46283057	3.78148449
64.43342966	3.45481951	3.77353514
64.64584745	3.44703143	3.76345605
64.85826523	3.43899139	3.75290970
65.07068301	3.43062803	3.74314446
65.28310079	3.42194137	3.73734952
65.49551857	3.41293139	3.72924801
65.70793635	3.40359810	3.71942942
65.92035413	3.39411658	3.70789373
66.13277191	3.38465705	3.69579876
66.34518969	3.37478793	3.68425844
66.55760748	3.36539510	3.67238133
66.77002526	3.35647855	3.66016742
66.98244304	3.34852365	3.64646604
67.19486082	3.34005597	3.63355505
67.40727860	3.33108179	3.62105077
67.61969638	3.32194385	3.60966029
67.83211416	3.31301175	3.59941784
68.04453194	3.30451980	3.58976562
68.25694973	3.29646799	3.57938848
68.46936751	3.28885634	3.56476047
68.68178529	3.28168483	3.55184450
68.89420307	3.27430735	3.54097850
69.10662085	3.26714948	3.53233592
69.31903863	3.26006200	3.52419519
69.53145641	3.25304492	3.51544239
69.74387419	3.24609823	3.50696897
69.95629198	3.23922193	3.49801932
70.16870976	3.23127312	3.48537405
70.38112754	3.22442350	3.46324741
70.59354532	3.21863311	3.44589882
70.80596310	3.21271181	3.43466275
71.01838088	3.20641372	3.42055024
71.23079866	3.19972622	3.41154375
71.44321644	3.19285711	3.40089462
71.65563423	3.17699574	3.38893960
71.86805201	3.16358974	3.37599265
72.08046979	3.15003717	3.36112637
72.29288757	3.13783711	3.34416731
72.50530535	3.12343586	3.32567922
72.71772313	3.10563235	3.30566209
72.93014091	3.08657900	3.28424972
73.14255869	3.06662562	3.26253250
73.35497647	3.04612627	3.24515525
73.56739426	3.02313139	3.23577996
73.77981204	2.98865257	3.22118140
73.99222982	2.96953701	3.20123335
74.20464760	2.94567133	3.18378338
74.41706538	2.91629808	3.16382106
74.62948316	2.88248014	3.14711743
74.84190094	2.85594448	3.12273619
75.05431872	2.82568106	3.10344359
75.26673651	2.79548987	3.08440289
75.47915429	2.76361892	3.06369992
75.69157207	2.73153006	3.04195079
75.90398985	2.70223656	3.01578463
76.11640763	2.67222288	2.99192430
76.32882541	2.63902053	2.96905790
76.54124319	2.60872398	2.94483177
76.75366097	2.57971644	2.91909179
76.96607876	2.56057826	2.89183798
77.17849654	2.52521232	2.86321832
77.39091432	2.49360829	2.83313151
77.60333210	2.46630189	2.79827645
77.81574988	2.44357687	2.76162384
78.02816766	2.42420670	2.73316640
78.24058544	2.40775381	2.70013790
78.45300322	2.38736704	2.66586011
78.66542101	2.36691012	2.63402368
78.87783879	2.34873120	2.60409431
79.09025657	2.33101810	2.57867738
79.30267435	2.31513392	2.55241505
79.51509213	2.30319733	2.52393861
79.72750991	2.28941736	2.49676306
79.93992769	2.27484300	2.47177693
80.15234547	2.26087892	2.44898021
80.36476325	2.24799607	2.42822492
80.57718104	2.23619443	2.40914158
80.78959882	2.22768960	2.39209639
81.00201660	2.21775213	2.37516306
81.21443438	2.20538588	2.35928517
81.42685216	2.19059083	2.34446271
81.63926994	2.17991645	2.33221064
81.85168772	2.17020369	2.32075249
82.06410550	2.15922109	2.31010923
82.27652329	2.14649518	2.30116034
82.48894107	2.13289200	2.29240703
82.70135885	2.11929065	2.28619510
82.91377663	2.10569114	2.28108849
83.12619441	2.09399099	2.27619866
83.33861219	2.08322700	2.27152562
83.55102997	2.07279669	2.26653927
83.76344775	2.06270003	2.26094778
83.97586554	2.05072146	2.25475114
84.18828332	2.04003602	2.24789610
84.40070110	2.02990564	2.24061266
84.61311888	2.02020267	2.23450534
84.82553666	2.01059818	2.22485722
85.03795444	1.99894050	2.21297286
85.25037222	1.98849663	2.19766414
85.46279000	1.97974005	2.18335032
85.67520778	1.97030769	2.16811876
85.88762557	1.95805387	2.15196946
86.10004335	1.94785741	2.13490244
86.31246113	1.93511298	2.11479294
86.52487891	1.91774895	2.09309537
86.73729669	1.89894339	2.07022065
86.94971447	1.87999125	2.04764513
87.16213225	1.86089255	2.01974295
87.37455003	1.84164727	1.99136359
87.58696782	1.82089901	1.96709748
87.79938560	1.80042427	1.93852849
88.01180338	1.78004344	1.91033916
88.22422116	1.76085574	1.88374419
88.43663894	1.74154832	1.85919561
88.64905672	1.72190367	1.83210975
88.86147450	1.70304017	1.80419069
89.07389228	1.67574454	1.77558694
89.28631007	1.65185739	1.74512782
89.49872785	1.63281633	1.71493806
89.71114563	1.61868181	1.68652470
89.92356341	1.60640736	1.66000688
90.13598119	1.59469801	1.63420011
90.34839897	1.58355375	1.61473027
90.56081675	1.57297458	1.59680110
90.77323453	1.56436133	1.57559219
90.98565232	1.55606513	1.55791514
