# 	omega_0	omega_1	omega_2
33.45450870	0.03510613	0.04361170	0.03935892
33.65926446	0.03568089	0.04263259	0.03915674
33.86402022	0.03655513	0.04128782	0.03892147
34.06877599	0.03773131	0.03970266	0.03871698
34.27353175	0.03920357	0.03787241	0.03853799
34.47828751	0.03936854	0.03579618	0.03758236
34.68304327	0.03949928	0.03437512	0.03693720
34.88779903	0.03959581	0.03272002	0.03615792
35.09255480	0.03966102	0.03082796	0.03524449
35.29731056	0.03972876	0.02867718	0.03420297
35.50206632	0.03979861	0.02675224	0.03327543
35.70682208	0.03986977	0.02505396	0.03246186
35.91157785	0.03990982	0.02358073	0.03174528
36.11633361	0.03986841	0.02267030	0.03126935
36.32108937	0.03974554	0.02216861	0.03095707
36.52584513	0.03936351	0.02171029	0.03053690
36.73060090	0.03868422	0.02163070	0.03015746
36.93535666	0.03768760	0.02209867	0.02989314
37.14011242	0.03637579	0.02298432	0.02968006
37.34486818	0.03475711	0.02429568	0.02952640
37.54962394	0.03443757	0.02603895	0.03023826
37.75437971	0.03414622	0.02731084	0.03072853
37.95913547	0.03388306	0.02900057	0.03144181
38.16389123	0.03375725	0.03109868	0.03242797
38.36864699	0.03360067	0.03336896	0.03348482
38.57340276	0.03336845	0.03542023	0.03439434
38.77815852	0.03331205	0.03725249	0.03528227
38.98291428	0.03388662	0.03960549	0.03674606
39.18767004	0.03520943	0.04046236	0.03783589
39.39242581	0.03691890	0.04053139	0.03872514
39.59718157	0.03783720	0.04001054	0.03892387
39.80193733	0.03759907	0.04008957	0.03884432
40.00669309	0.03826100	0.03978446	0.03902273
40.21144886	0.03939003	0.03909981	0.03924492
40.41620462	0.04030854	0.03803231	0.03917043
40.62096038	0.04101802	0.03818280	0.03960041
40.82571614	0.04151698	0.03917832	0.04034765
41.03047190	0.04180541	0.03830294	0.04005418
41.23522767	0.04177162	0.03725620	0.03951391
41.43998343	0.04158508	0.03639206	0.03898857
41.64473919	0.04128765	0.03608121	0.03868443
41.84949495	0.04062788	0.03692242	0.03877515
42.05425072	0.03929392	0.03701611	0.03815501
42.25900648	0.03717174	0.03837698	0.03777436
42.46376224	0.03462291	0.04029677	0.03745984
42.66851800	0.03288342	0.04256908	0.03772625
42.87327377	0.03247152	0.04400176	0.03823664
43.07802953	0.03133380	0.04559973	0.03846677
43.28278529	0.02989866	0.04741190	0.03865528
43.48754105	0.02782607	0.04943828	0.03863217
43.69229681	0.02577314	0.05033775	0.03805545
43.89705258	0.02393017	0.05035008	0.03714013
44.10180834	0.02247550	0.05201285	0.03724418
44.30656410	0.02125162	0.05379601	0.03752382
44.51131986	0.02025426	0.05580124	0.03802775
44.71607563	0.01958529	0.05730134	0.03844332
44.92083139	0.01925157	0.05769070	0.03847113
45.12558715	0.01910364	0.05813530	0.03861947
45.33034291	0.01913736	0.05863820	0.03888778
45.53509868	0.01935566	0.05919647	0.03927606
45.73985444	0.01918288	0.05981853	0.03950071
45.94461020	0.01901946	0.05995129	0.03948538
46.14936596	0.01878120	0.05818045	0.03848082
46.35412172	0.01830676	0.05667476	0.03749076
46.55887749	0.01861132	0.05686317	0.03773725
46.76363325	0.01903366	0.05459079	0.03681222
46.96838901	0.01938397	0.05215387	0.03576892
47.17314477	0.01986337	0.05211570	0.03598953
47.37790054	0.02041622	0.05114668	0.03578145
47.58265630	0.02095982	0.04897892	0.03496937
47.78741206	0.02128370	0.04800037	0.03464203
47.99216782	0.02138309	0.04821582	0.03479945
48.19692359	0.02125800	0.04825560	0.03475680
48.40167935	0.02090795	0.04568338	0.03329566
48.60643511	0.02044739	0.04313179	0.03178959
48.81119087	0.02043848	0.04057397	0.03050623
49.01594663	0.02030673	0.03856790	0.02943731
49.22070240	0.02011608	0.03995374	0.03003491
49.42545816	0.02000805	0.04046728	0.03023767
49.63021392	0.01996610	0.03814977	0.02905793
49.83496968	0.01999024	0.03808734	0.02903879
50.03972545	0.02007932	0.03811912	0.02909922
50.24448121	0.01985391	0.03586014	0.02785702
50.44923697	0.01952675	0.03448289	0.02700482
50.65399273	0.01918487	0.03425093	0.02671790
50.85874850	0.01894030	0.03252341	0.02573185
51.06350426	0.01879096	0.02922887	0.02400991
51.26826002	0.01873683	0.02695514	0.02284599
51.47301578	0.01877624	0.02813904	0.02345764
51.67777155	0.01878718	0.03015084	0.02446901
51.88252731	0.01872499	0.03221704	0.02547102
52.08728307	0.01865621	0.03251238	0.02558430
52.29203883	0.01869111	0.03053411	0.02461261
52.49679459	0.01891170	0.02914000	0.02402585
52.70155036	0.01933449	0.02885985	0.02409717
52.90630612	0.01995949	0.02849733	0.02422841
53.11106188	0.02078669	0.02805244	0.02441956
53.31581764	0.02082584	0.02849424	0.02466004
53.52057341	0.02127561	0.02860261	0.02493911
53.72532917	0.02196930	0.02838188	0.02517559
53.93008493	0.02247985	0.02856218	0.02552101
54.13484069	0.02217174	0.02985253	0.02601214
54.33959646	0.02171720	0.03018345	0.02595033
54.54435222	0.02111793	0.02948378	0.02530085
54.74910798	0.02037884	0.02775321	0.02406603
54.95386374	0.01950203	0.02579004	0.02264604
55.15861950	0.01863150	0.02538273	0.02200712
55.36337527	0.01770635	0.02539028	0.02154831
55.56813103	0.01666580	0.02547998	0.02107289
55.77288679	0.01586908	0.02565947	0.02076428
55.97764255	0.01487074	0.02642268	0.02064671
56.18239832	0.01367078	0.02776957	0.02072017
56.38715408	0.01328585	0.02868826	0.02098706
56.59190984	0.01258803	0.02839983	0.02049393
56.79666560	0.01173971	0.02796945	0.01985458
57.00142137	0.01105627	0.02891974	0.01998800
57.20617713	0.01113811	0.02870557	0.01992184
57.41093289	0.01131302	0.02899619	0.02015461
57.61568865	0.01158100	0.02816779	0.01987440
57.82044441	0.01194289	0.02726015	0.01960152
58.02520018	0.01239754	0.02627439	0.01933596
58.22995594	0.01290209	0.02572429	0.01931319
58.43471170	0.01304717	0.02482385	0.01893551
58.63946746	0.01283176	0.02610881	0.01947029
58.84422323	0.01189753	0.02835377	0.02012565
59.04897899	0.01072868	0.02960064	0.02016466
59.25373475	0.01123719	0.02959386	0.02041552
59.45849051	0.01282687	0.02795784	0.02039236
59.66324628	0.01388929	0.02691082	0.02040005
59.86800204	0.01516957	0.02574871	0.02045914
60.07275780	0.01660965	0.02224875	0.01942920
60.27751356	0.01824463	0.01979808	0.01902136
60.48226932	0.02004789	0.01718559	0.01861674
60.68702509	0.02200672	0.01715193	0.01957932
60.89178085	0.02297296	0.01847735	0.02072515
61.09653661	0.02251182	0.01906676	0.02078929
61.30129237	0.02080649	0.01843971	0.01962310
61.50604814	0.01982941	0.01767487	0.01875214
61.71080390	0.02140973	0.01779535	0.01960254
61.91555966	0.02470135	0.01673543	0.02071839
62.12031542	0.02897727	0.01548048	0.02222888
62.32507119	0.03232596	0.01255577	0.02244086
62.52982695	0.03037169	0.01308352	0.02172761
62.73458271	0.03164529	0.01343006	0.02253768
62.93933847	0.03237694	0.01241190	0.02239442
63.14409424	0.03273294	0.01229115	0.02251205
63.34885000	0.03271330	0.01231817	0.02251573
63.55360576	0.03234683	0.01295143	0.02264913
63.75836152	0.03175267	0.01311924	0.02243595
63.96311728	0.03248799	0.01212091	0.02230445
64.16787305	0.03448996	0.01205252	0.02327124
64.37262881	0.03706292	0.01291478	0.02498885
64.57738457	0.03861372	0.01460985	0.02661179
64.78214033	0.03763097	0.01310036	0.02536566
64.98689610	0.03538699	0.01166977	0.02352838
65.19165186	0.03248047	0.01079691	0.02163869
65.39640762	0.02891142	0.01221162	0.02056152
65.60116338	0.02962726	0.01120816	0.02041771
65.80591915	0.02763488	0.01120104	0.01941796
66.01067491	0.02595895	0.01301263	0.01948579
66.21543067	0.02453366	0.01470563	0.01961965
66.42018643	0.02328367	0.01555159	0.01941763
66.62494219	0.02220856	0.01548343	0.01884600
66.82969796	0.02120190	0.01452719	0.01786455
67.03445372	0.01985353	0.01356381	0.01670867
67.23920948	0.01873123	0.01259330	0.01566226
67.44396524	0.01823254	0.01159282	0.01491268
67.64872101	0.01834825	0.01051947	0.01443386
67.85347677	0.01874634	0.00937325	0.01405980
68.05823253	0.01900125	0.00815416	0.01357770
68.26298829	0.01920252	0.00692630	0.01306441
68.46774406	0.01934986	0.00632961	0.01283974
68.67249982	0.01944281	0.00574153	0.01259217
68.87725558	0.01948137	0.00516206	0.01232171
69.08201134	0.01946642	0.00459030	0.01202836
69.28676710	0.01946393	0.00402613	0.01174503
69.49152287	0.01954954	0.00346978	0.01150966
69.69627863	0.01978932	0.00288366	0.01133649
69.90103439	0.02030178	0.00225985	0.01128082
70.10579015	0.02092010	0.00159837	0.01125924
70.31054592	0.02151973	0.00089922	0.01120947
70.51530168	0.02204762	0.00020686	0.01112724
70.72005744	0.02249688	-0.00041722	0.01103983
70.92481320	0.02288483	-0.00097323	0.01095580
71.12956897	0.02321054	-0.00146177	0.01087439
71.33432473	0.02347438	-0.00194731	0.01076353
71.53908049	0.02367658	-0.00311760	0.01027949
71.74383625	0.02381593	-0.00433283	0.00974155
71.94859202	0.02389320	-0.00543808	0.00922756
72.15334778	0.02390749	-0.00643246	0.00873752
72.35810354	0.02385917	-0.00731632	0.00827142
72.56285930	0.02374895	-0.00809040	0.00782927
72.76761506	0.02350904	-0.00871533	0.00739686
72.97237083	0.02302090	-0.00918319	0.00691885
73.17712659	0.02245136	-0.00949400	0.00647868
73.38188235	0.02185385	-0.00964776	0.00610304
73.58663811	0.02112599	-0.00954209	0.00579195
73.79139388	0.02029217	-0.00920386	0.00554416
73.99614964	0.01940494	-0.00868882	0.00535806
74.20090540	0.01846370	-0.00799640	0.00523365
74.40566116	0.01746809	-0.00712622	0.00517093
74.61041693	0.01699538	-0.00603000	0.00548269
74.81517269	0.01649689	-0.00472307	0.00588691
75.01992845	0.01597360	-0.00336210	0.00630575
75.22468421	0.01558946	-0.00194722	0.00682112
75.42943997	0.01534650	-0.00048014	0.00743318
75.63419574	0.01520499	0.00104021	0.00812260
75.83895150	0.01498800	0.00261382	0.00880091
76.04370726	0.01469553	0.00418313	0.00943933
76.24846302	0.01432758	0.00568378	0.01000568
76.45321879	0.01388414	0.00711577	0.01049996
76.65797455	0.01351493	0.00828408	0.01089950
76.86273031	0.01338608	0.00928475	0.01133542
77.06748607	0.01344162	0.01017376	0.01180769
77.27224184	0.01340853	0.01095112	0.01217983
77.47699760	0.01341210	0.01162525	0.01251867
77.68175336	0.01286157	0.01229302	0.01257729
77.88650912	0.01216902	0.01308601	0.01262751
78.09126488	0.01147607	0.01381334	0.01264470
78.29602065	0.01094134	0.01403099	0.01248616
78.50077641	0.01062396	0.01411351	0.01236874
78.70553217	0.01037704	0.01422283	0.01229994
78.91028793	0.01000407	0.01435893	0.01218150
79.11504370	0.00980092	0.01421291	0.01200691
79.31979946	0.00977261	0.01390577	0.01183919
79.52455522	0.00991916	0.01359117	0.01175516
79.72931098	0.01021466	0.01334031	0.01177748
79.93406675	0.01013721	0.01341753	0.01177737
80.13882251	0.00984804	0.01379732	0.01182268
80.34357827	0.00987737	0.01409841	0.01198789
80.54833403	0.00990274	0.01420010	0.01205142
80.75308979	0.01008264	0.01383488	0.01195876
80.95784556	0.01054217	0.01326415	0.01190316
81.16260132	0.01110966	0.01268052	0.01189509
81.36735708	0.01139749	0.01259320	0.01199534
81.57211284	0.01130453	0.01265424	0.01197938
81.77686861	0.01096276	0.01266551	0.01181414
81.98162437	0.01078843	0.01240773	0.01159808
82.18638013	0.01048567	0.01225786	0.01137176
82.39113589	0.01004944	0.01215924	0.01110434
82.59589166	0.00947974	0.01195822	0.01071898
82.80064742	0.00927636	0.01165481	0.01046558
83.00540318	0.00927604	0.01130703	0.01029154
83.21015894	0.00933377	0.01064179	0.00998778
83.41491471	0.00919235	0.01004037	0.00961636
83.61967047	0.00904893	0.00961503	0.00933198
83.82442623	0.00902606	0.00955711	0.00929158
84.02918199	0.00907676	0.00955703	0.00931689
84.23393775	0.00866600	0.00961333	0.00913966
84.43869352	0.00867620	0.00966005	0.00916812
84.64344928	0.00869861	0.00967260	0.00918561
84.84820504	0.00868035	0.00968627	0.00918331
85.05296080	0.00857875	0.00992022	0.00924948
85.25771657	0.00867741	0.01036222	0.00951981
85.46247233	0.00920394	0.01099660	0.01010027
85.66722809	0.01015934	0.01182234	0.01099084
85.87198385	0.01104386	0.01282326	0.01193356
86.07673962	0.01236709	0.01355379	0.01296044
86.28149538	0.01411281	0.01431254	0.01421267
86.48625114	0.01629775	0.01508278	0.01569027
86.69100690	0.01804308	0.01591316	0.01697812
86.89576266	0.01693554	0.01845095	0.01769325
87.10051843	0.01668847	0.01937049	0.01802948
87.30527419	0.01686014	0.02020468	0.01853241
87.51002995	0.01663321	0.02095442	0.01879382
87.71478571	0.01645586	0.02161990	0.01903788
87.91954148	0.01643458	0.02220205	0.01931832
88.12429724	0.01656925	0.02270099	0.01963512
88.32905300	0.01657624	0.02311847	0.01984736
88.53380876	0.01622797	0.02347016	0.01984906
