# 	omega_0	omega_1	omega_2
51.47142856	0.01348501	0.02115453	0.01731977
51.58980527	0.01382112	0.02109818	0.01745965
51.70818197	0.01427003	0.02103480	0.01765241
51.82655867	0.01483173	0.02096437	0.01789805
51.94493537	0.01526083	0.02088689	0.01807386
52.06331208	0.01587858	0.02080238	0.01834048
52.18168878	0.01668497	0.02071082	0.01869789
52.30006548	0.01752125	0.02061222	0.01906673
52.41844218	0.01838106	0.02050657	0.01944382
52.53681889	0.01925505	0.02040093	0.01982799
52.65519559	0.02012725	0.02029528	0.02021126
52.77357229	0.02099767	0.01991723	0.02045745
52.89194899	0.02186630	0.01934848	0.02060739
53.01032569	0.02273315	0.01874063	0.02073689
53.12870240	0.02341679	0.01809368	0.02075524
53.24707910	0.02392815	0.01740763	0.02066789
53.36545580	0.02430655	0.01668248	0.02049451
53.48383250	0.02455200	0.01591823	0.02023511
53.60220921	0.02466451	0.01516751	0.01991601
53.72058591	0.02488946	0.01443505	0.01966226
53.83896261	0.02490560	0.01372085	0.01931322
53.95733931	0.02471295	0.01302489	0.01886892
54.07571602	0.02447025	0.01234718	0.01840872
54.19409272	0.02418386	0.01168773	0.01793579
54.31246942	0.02388152	0.01104652	0.01746402
54.43084612	0.02357918	0.01042357	0.01700137
54.54922282	0.02327683	0.01009127	0.01668405
54.66759953	0.02297449	0.00996793	0.01647121
54.78597623	0.02267215	0.00990193	0.01628704
54.90435293	0.02236981	0.00989862	0.01613421
55.02272963	0.02206747	0.00996128	0.01601437
55.14110634	0.02187072	0.01008991	0.01598032
55.25948304	0.02182700	0.01028452	0.01605576
55.37785974	0.02189334	0.01049247	0.01619291
55.49623644	0.02206325	0.01070905	0.01638615
55.61461315	0.02230894	0.01092680	0.01661787
55.73298985	0.02260847	0.01114149	0.01687498
55.85136655	0.02296182	0.01135311	0.01715746
55.96974325	0.02336900	0.01156212	0.01746556
56.08811995	0.02383000	0.01176900	0.01779950
56.20649666	0.02429032	0.01196701	0.01812867
56.32487336	0.02473766	0.01215484	0.01844625
56.44325006	0.02517201	0.01233249	0.01875225
56.56162676	0.02559338	0.01249997	0.01904667
56.68000347	0.02600177	0.01265194	0.01932685
56.79838017	0.02639717	0.01278510	0.01959114
56.91675687	0.02667399	0.01289859	0.01978629
57.03513357	0.02678481	0.01299239	0.01988860
57.15351027	0.02683523	0.01306649	0.01995086
57.27188698	0.02694771	0.01312090	0.02003431
57.39026368	0.02715001	0.01316306	0.02015654
57.50864038	0.02740338	0.01319722	0.02030030
57.62701708	0.02761353	0.01324834	0.02043093
57.74539379	0.02778045	0.01332964	0.02055504
57.86377049	0.02790415	0.01344064	0.02067240
57.98214719	0.02790350	0.01372373	0.02081362
58.10052389	0.02776203	0.01420562	0.02098383
58.21890060	0.02747972	0.01485140	0.02116556
58.33727730	0.02706188	0.01566107	0.02136148
58.45565400	0.02651196	0.01663463	0.02157330
58.57403070	0.02611135	0.01749070	0.02180102
58.69240740	0.02602906	0.01806112	0.02204509
58.81078411	0.02626510	0.01834593	0.02230551
58.92916081	0.02675680	0.01834428	0.02255054
59.04753751	0.02738824	0.01800345	0.02269584
59.16591421	0.02815940	0.01732342	0.02274141
59.28429092	0.02882117	0.01661404	0.02271760
59.40266762	0.02936288	0.01595529	0.02265909
59.52104432	0.02978454	0.01534994	0.02256724
59.63942102	0.03008614	0.01481373	0.02244993
59.75779773	0.03040332	0.01421102	0.02230717
59.87617443	0.03076487	0.01351640	0.02214064
59.99455113	0.03122533	0.01276614	0.02199573
60.11292783	0.03179839	0.01196644	0.02188241
60.23130453	0.03232080	0.01122171	0.02177125
60.34968124	0.03247697	0.01083587	0.02165642
60.46805794	0.03224422	0.01090761	0.02157591
60.58643464	0.03198556	0.01120862	0.02159709
60.70481134	0.03166648	0.01167812	0.02167230
60.82318805	0.03111352	0.01236884	0.02174118
60.94156475	0.03032666	0.01328078	0.02180372
61.05994145	0.02961575	0.01404516	0.02183046
61.17831815	0.02899909	0.01458231	0.02179070
61.29669486	0.02846305	0.01501790	0.02174048
61.41507156	0.02805232	0.01538680	0.02171956
61.53344826	0.02776690	0.01568900	0.02172795
61.65182496	0.02768710	0.01592452	0.02180581
61.77020166	0.02799818	0.01609199	0.02204508
61.88857837	0.02828876	0.01618520	0.02223698
62.00695507	0.02862981	0.01618859	0.02240920
62.12533177	0.02890756	0.01622758	0.02256757
62.24370847	0.02897566	0.01637253	0.02267410
62.36208518	0.02857288	0.01685172	0.02271230
62.48046188	0.02832311	0.01718316	0.02275314
62.59883858	0.02862170	0.01685537	0.02273854
62.71721528	0.02946865	0.01607583	0.02277224
62.83559199	0.03086396	0.01490347	0.02288372
62.95396869	0.03166646	0.01430942	0.02298794
63.07234539	0.03261698	0.01357419	0.02309558
63.19072209	0.03339185	0.01293710	0.02316447
63.30909879	0.03399108	0.01239815	0.02319461
63.42747550	0.03435871	0.01195734	0.02315802
63.54585220	0.03433054	0.01161468	0.02297261
63.66422890	0.03429896	0.01137015	0.02283456
63.78260560	0.03435281	0.01114683	0.02274982
63.90098231	0.03464006	0.01080623	0.02272314
64.01935901	0.03516072	0.01034835	0.02275454
64.13773571	0.03578941	0.00977320	0.02278131
64.25611241	0.03589038	0.00962439	0.02275739
64.37448912	0.03524174	0.01041340	0.02282757
64.49286582	0.03384350	0.01153758	0.02269054
64.61124252	0.03154453	0.01329983	0.02242218
64.72961922	0.02959101	0.01490619	0.02224860
64.84799592	0.02744518	0.01674458	0.02209488
64.96637263	0.02538601	0.01855433	0.02197017
65.08474933	0.02341350	0.02038612	0.02189981
65.20312603	0.02150331	0.02196223	0.02173277
65.32150273	0.01957507	0.02343176	0.02150342
65.43987944	0.01760773	0.02479470	0.02120122
65.55825614	0.01560128	0.02603918	0.02082023
65.67663284	0.01355572	0.02716211	0.02035891
65.79500954	0.01147106	0.02820070	0.01983588
65.91338625	0.00937090	0.02915496	0.01926293
66.03176295	0.00758309	0.02974342	0.01866325
66.15013965	0.00618177	0.02995975	0.01807076
66.26851635	0.00517812	0.03019916	0.01768864
66.38689305	0.00472326	0.03012967	0.01742646
66.50526976	0.00484821	0.02953181	0.01719001
66.62364646	0.00537216	0.02860477	0.01698846
66.74202316	0.00496299	0.02865609	0.01680954
66.86039986	0.00318801	0.02997822	0.01658311
66.97877657	0.00004722	0.03284889	0.01644805
67.09715327	-0.00445464	0.03711899	0.01633218
67.21552997	-0.00442863	0.03714170	0.01635654
67.33390667	-0.00531880	0.03753642	0.01610881
67.45228337	-0.00711421	0.03890934	0.01589757
67.57066008	-0.00981485	0.04123790	0.01571153
67.68903678	-0.01342072	0.04454656	0.01556292
67.80741348	-0.01608481	0.04698831	0.01545175
67.92579018	-0.01751406	0.04820225	0.01534410
68.04416689	-0.01820116	0.04862780	0.01521332
68.16254359	-0.01927257	0.04939842	0.01506292
68.28092029	-0.01971501	0.04956070	0.01492284
68.39929699	-0.01925762	0.04899695	0.01486966
68.51767370	-0.01855820	0.04803893	0.01474036
68.63605040	-0.01801822	0.04696744	0.01447461
68.75442710	-0.01617442	0.04440810	0.01411684
68.87280380	-0.01232533	0.03987530	0.01377499
68.99118050	-0.01433681	0.04101386	0.01333853
69.10955721	-0.01541759	0.04185714	0.01321978
69.22793391	-0.01557861	0.04179253	0.01310696
69.34631061	-0.01481988	0.04080536	0.01299274
69.46468731	-0.01314140	0.03887440	0.01286650
69.58306402	-0.01193612	0.03739470	0.01272929
69.70144072	-0.01181977	0.03698196	0.01258110
69.81981742	-0.01231081	0.03719678	0.01244299
69.93819412	-0.01228279	0.03693475	0.01232598
70.05657083	-0.01279836	0.03716630	0.01218397
70.17494753	-0.01413701	0.03799941	0.01193120
70.29332423	-0.01430883	0.03776552	0.01172834
70.41170093	-0.01259319	0.03595420	0.01168051
70.53007763	-0.01056299	0.03404948	0.01174325
70.64845434	-0.00891970	0.03253699	0.01180864
70.76683104	-0.00566532	0.02941871	0.01187670
70.88520774	-0.00234841	0.02624323	0.01194741
71.00358444	0.00022111	0.02382043	0.01202077
71.12196115	0.00257623	0.02161735	0.01209679
71.24033785	0.00512302	0.01922469	0.01217385
71.35871455	0.00724680	0.01725504	0.01225092
71.47709125	0.00919606	0.01545990	0.01232798
71.59546796	0.01097081	0.01381806	0.01239444
71.71384466	0.01257105	0.01231026	0.01244066
71.83222136	0.01377379	0.01115949	0.01246664
71.95059806	0.01447171	0.01047307	0.01247239
72.06897476	0.01466480	0.01025100	0.01245790
72.18735147	0.01446661	0.01037975	0.01242318
72.30572817	0.01408528	0.01074967	0.01241747
72.42410487	0.01373328	0.01136076	0.01254702
72.54248157	0.01316245	0.01221302	0.01268774
72.66085828	0.01274534	0.01310514	0.01292524
72.77923498	0.01307108	0.01322721	0.01314915
72.89761168	0.01360671	0.01330676	0.01345673
73.01598838	0.01394614	0.01356087	0.01375350
73.13436509	0.01439748	0.01371906	0.01405827
73.25274179	0.01449840	0.01427600	0.01438720
73.37111849	0.01424891	0.01525289	0.01475090
73.48949519	0.01364900	0.01653098	0.01508999
73.60787189	0.01291509	0.01773828	0.01532669
73.72624860	0.01212242	0.01884708	0.01548475
73.84462530	0.01257561	0.01865129	0.01561345
73.96300200	0.01122891	0.02019434	0.01571163
74.08137870	0.01054124	0.02094809	0.01574467
74.19975541	0.01069347	0.02053392	0.01561370
74.31813211	0.01056506	0.02033804	0.01545155
74.43650881	0.01031222	0.02005309	0.01518265
74.55488551	0.01015572	0.01967906	0.01491739
74.67326222	0.01019375	0.01902140	0.01460757
74.79163892	0.01046989	0.01826910	0.01436950
74.91001562	0.01055521	0.01781348	0.01418434
75.02839232	0.01084550	0.01715445	0.01399998
75.14676902	0.01130372	0.01627888	0.01379130
75.26514573	0.01192339	0.01532480	0.01362410
75.38352243	0.01267677	0.01444119	0.01355898
75.50189913	0.01373036	0.01341623	0.01357329
75.62027583	0.01400220	0.01325423	0.01362821
75.73865254	0.01616620	0.01128362	0.01372491
75.85702924	0.01683964	0.01085782	0.01384873
75.97540594	0.01637531	0.01157625	0.01397578
76.09378264	0.01650884	0.01166932	0.01408908
76.21215935	0.01664389	0.01171649	0.01418019
76.33053605	0.01669932	0.01179889	0.01424910
76.44891275	0.01657695	0.01191651	0.01424673
76.56728945	0.01623320	0.01215618	0.01419469
76.68566615	0.01566806	0.01252328	0.01409567
76.80404286	0.01534561	0.01262568	0.01398565
76.92241956	0.01485517	0.01291682	0.01388600
77.04079626	0.01427161	0.01338317	0.01382739
77.15917296	0.01369777	0.01402472	0.01386125
77.27754967	0.01299923	0.01497372	0.01398647
77.39592637	0.01195332	0.01643191	0.01419261
77.51430307	0.01083192	0.01782146	0.01432669
77.63267977	0.01044145	0.01851761	0.01447953
77.75105647	0.01003581	0.01929956	0.01466768
77.86943318	0.00924804	0.02055070	0.01489937
77.98780988	0.00834708	0.02199892	0.01517300
78.10618658	0.00799831	0.02297883	0.01548857
78.22456328	0.00872691	0.02303415	0.01588053
78.34293999	0.00911572	0.02359121	0.01635346
78.46131669	0.00951146	0.02429787	0.01690466
78.57969339	0.00946050	0.02555170	0.01750610
78.69807009	0.00955945	0.02691239	0.01823592
78.81644680	0.00987569	0.02836533	0.01912051
78.93482350	0.00994596	0.02984111	0.01989354
79.05320020	0.00974678	0.03133973	0.02054325
79.17157690	0.00927815	0.03286119	0.02106967
79.28995360	0.00864003	0.03461147	0.02162575
79.40833031	0.00803046	0.03617032	0.02210039
79.52670701	0.00769348	0.03727618	0.02248483
79.64508371	0.00762915	0.03799397	0.02281156
79.76346041	0.00795688	0.03833272	0.02314480
79.88183712	0.00814721	0.03866311	0.02340516
80.00021382	0.00770231	0.03887950	0.02329091
80.11859052	0.00874705	0.03705496	0.02290101
80.23696722	0.01093890	0.03420097	0.02256994
80.35534393	0.01433392	0.03037027	0.02235209
80.47372063	0.01878325	0.02578377	0.02228351
80.59209733	0.02408418	0.02046963	0.02227690
80.71047403	0.02471595	0.01780195	0.02125895
80.82885073	0.02882269	0.01439370	0.02160820
80.94722744	0.03301299	0.00959293	0.02130296
81.06560414	0.03627757	0.00336119	0.01981938
81.18398084	0.04067476	-0.00431061	0.01818208
81.30235754	0.04379457	-0.01157691	0.01610883
81.42073425	0.04731672	-0.01692665	0.01519503
81.53911095	0.05112182	-0.02301931	0.01405125
81.65748765	0.05527797	-0.02511339	0.01508229
81.77586435	0.05916914	-0.02723684	0.01596615
81.89424106	0.06208760	-0.03036510	0.01586125
82.01261776	0.06466446	-0.03352161	0.01557142
82.13099446	0.06695640	-0.03704645	0.01495497
82.24937116	0.06738531	-0.03935612	0.01401459
82.36774786	0.06723200	-0.04159962	0.01281619
82.48612457	0.07097467	-0.04564437	0.01266515
82.60450127	0.07151744	-0.04913112	0.01119316
82.72287797	0.07225171	-0.05140792	0.01042190
82.84125467	0.07418676	-0.05243632	0.01087522
82.95963138	0.07508508	-0.05198749	0.01154879
83.07800808	0.07711263	-0.05164545	0.01273359
83.19638478	0.07858961	-0.05298616	0.01280172
83.31476148	0.07951601	-0.05335916	0.01307842
