92.67942991270931 -1.567429336151389
92.56784033906848 -1.546745982109555
92.41134512836476 -1.5276337820297454
92.42876140351521 -1.507336501143347
92.27917100084575 -1.4924586748004873
92.49866920673517 -1.4721415299887959
92.49759555810209 -1.4527042983758027
92.49759555810209 -1.4434613495834716
92.34735992402001 -1.4288992721907328
92.34735992402001 -1.4279629428763483
92.21949995563209 -1.4152681788204355
91.78905286376603 -1.4018536296444426
91.78905286376603 -1.3984614823147223
91.24863045386954 -1.3666623244624114
90.39582695021863 -1.3249864086641494
90.39582695021863 -1.3163596481909594
89.45561111998869 -1.2949904282063742
90.2852414196284 -1.2756470348324207
89.9713543495079 -1.2490457723982544
89.89704087074549 -1.2229079355149013
89.7788100473372 -1.1997295686034422
89.77881004733723 -1.1921452351234194
89.7788100473372 -1.1883827682695258
89.82969016602877 -1.1832070030955606
89.82969016602877 -1.1762815265133582
89.82081918466427 -1.155025549950863
89.82081918466427 -1.1435826672638765
89.82081918466427 -1.1430147660903605
89.29871977454786 -1.1218295553303663
89.29871977454786 -1.1150225708181911
86.89360916521188 -1.042986498632273
87.15008135196855 -1.0230865547096135
86.92178975396304 -1.0118146022921546
86.92178975396304 -1.0040671092713902
86.92178975396304 -1.0013644131493808
86.92178975396304 -0.9936736104541612
86.98205262921788 -0.9716942799863733
87.16231848461346 -0.9489247822184412
87.13367612997436 -0.9324765187858507
87.13367612997436 -0.9251840318349043
87.13367612997436 -0.9251070376866118
87.03150654102001 -0.893225737341489
86.96729588350719 -0.8855643282853735
87.05728506951695 -0.8664385580404539
86.84677095386985 -0.8602580111082151
86.66081785154833 -0.8468591192802145
86.76515955922832 -0.8371653426765064
86.76515955922835 -0.8308214428190253
86.82378346686703 -0.8059081075368951
86.62807483825557 -0.7955500988881342
86.17313450361488 -0.7644588158867396
81.9093132849717 -0.6753473702874793
81.95771170538268 -0.6636626782487813
81.75838328586201 -0.6335701900536209
81.55723636980079 -0.62389577793608
81.8217044903399 -0.6159167574625442
81.6288149971135 -0.5849996095715698
81.6288149971135 -0.5846506607939681
81.54607745750981 -0.572459813818051
81.48263587760825 -0.5581771963310657
81.45878597823058 -0.5390754150584718
81.34635260356265 -0.5315364851938513
81.15419538624123 -0.5186837934287913
81.11331219783136 -0.5070985043923368
80.8091150410967 -0.5016040541891205
80.62774465319477 -0.49240448488372707
80.20411576976696 -0.4849908371814796
80.40701447968901 -0.47635109982784307
80.36873769243961 -0.4511259021215425
79.8639607363657 -0.422672339063936
79.86396073636568 -0.42165550177943667
79.82006460251222 -0.4178081831196894
79.3833005658564 -0.4006679465678617
78.86089821966804 -0.3927096478321516
78.86089821966803 -0.3910175527058261
78.90502683996782 -0.3857655322309862
78.98265453296416 -0.351081993197121
77.74323966732392 -0.3270275502686964
76.3861429810153 -0.2987954035608907
75.05190675352344 -0.2603305787613741
74.66305276831653 -0.24395091425953566
72.55508272109493 -0.15882409554626936
72.40621463180918 -0.15298034460296986
72.40621463180916 -0.1345532453795076
72.59617774607443 -0.11942892601833847
72.59617774607442 -0.11439203107265948
72.59617774607442 -0.1009769814437461
72.40886098017016 -0.08912496898942467
72.54715867404254 -0.07346064509357401
72.47738748817007 -0.03795644518831446
72.08246543023571 -0.013215089688860095
71.88312321361758 -0.004328977287059568
71.65678412445413 0.012657551834051982
71.58419077321176 0.021455934397352692
71.58419077321173 0.022022870612974484
70.65892169706837 0.057713613608965555
70.65892169706837 0.05875582271572287
70.41147358350867 0.07608602032108577
70.24995514530421 0.09224844821555782
69.36213801709714 0.11164147282456773
69.36213801709711 0.11470168850421728
69.36213801709714 0.13407452837773925
68.73608165745956 0.15229980027248397
66.81164658839063 0.2346223015215453
66.38071348737418 0.2529968188971267
65.99243891494493 0.28657445422193073
65.79231411789225 0.30988167555038315
65.71575334824254 0.33376198872720314
65.64023270301948 0.3433521320728517
65.13962850346293 0.39218598975396524
64.84552123242028 0.4187100021976724
65.1314413833096 0.47883082394302373
65.17344262587591 0.5080159353276029
65.96535218581207 0.5866674908562126
64.09237233472156 0.646302221915377
62.64690353157948 0.6710345099745443
61.99000690767518 0.7080877692179569
61.990006907675166 0.7114591257395081
60.39245152995331 0.7475374761328094
60.39245152995331 0.755777199968322
59.84795131082193 0.7716059345606149
59.765788514041006 0.7782554277280349
59.55669097680922 0.7929737760486436
59.191096157176986 0.8084709912875924
58.987873177170506 0.8154642884464927
58.98787317717048 0.8318762947484508
58.252811085774006 0.8604449269938887
57.80023475936551 0.8781544835855919
57.35183478442974 0.9020535988385178
57.11717962891075 0.9240379005316065
56.174625573094865 0.9717357221744972
54.329299229596074 1.0439418858966303
54.19495634195159 1.069192272605776
53.909770666805805 1.1152347949236634
53.90977066680581 1.1251416344485363
52.99758443083757 1.1627941306338727
44.046939802364314 1.5906612630460615
43.88384158087103 1.6190347379728347
43.88384158087103 1.6373644905707205
43.72834834307955 1.6558618667635414
43.728348343079546 1.67530923205013
43.15027106774424 1.679850985238134
42.97510920404755 1.7395464292151979
43.65118120650504 1.77364142397899
43.715845145366856 1.8212394164062484
43.86925451687287 1.828120041765985
43.53316916427782 1.8537732201677142
43.29122961451593 1.892546881191539
43.291229614515956 1.9016790474109497
43.61825379752897 1.9163519073766087
42.079122427070175 1.9986286386159138
42.31854575918156 2.0444770439430786
41.3463047879495 2.1239055012213233
41.23572508458531 2.1351474275173263
41.52938286951306 2.185819379529729
41.25696595913894 2.20354516179708
41.24828937191946 2.2421087110241857
39.111819647051284 2.2785729814549516
37.792391145366246 2.3326694192071282
37.79239114536625 2.3450838362947373
37.79239114536624 2.356194490192345
37.44197610171591 2.3678218731487286
36.70896770510011 2.4129516480144377
36.70896770510011 2.417094698470333
37.00079594220608 2.4655130240802445
36.95951064058843 2.4923334510454858
36.234854497266575 2.5134225411689135
36.23485449726658 2.5213431676069717
36.23485449726657 2.5329033462623816
36.197856045523544 2.574863436066287
36.52394645919861 2.5979473580565875
34.017169935845686 2.6819936054650153
34.14573852626654 2.7390932072382883
33.95881663698431 2.790438810989146
33.729739288942035 2.907849472720892
33.636720917457225 3.0023133940529467
33.154152929819894 3.076265183966442
32.848997148222864 3.1318842207556847
