92.38412118428614 -1.5606271858191039
92.38412118428614 -1.5541865587410155
92.38412118428614 -1.5536158867795904
92.68126219751775 -1.5470719652865894
92.69758464508882 -1.5330136284556726
92.69758464508884 -1.5189397452595639
92.89349453544055 -1.5143778586072392
92.89349453544054 -1.5132328723535209
92.89349453544055 -1.4924586748004876
92.89349453544055 -1.4884745429612234
92.89349453544055 -1.4789056709848352
93.07198117643266 -1.4623130152399255
93.07198117643266 -1.460139105621001
93.12201910346728 -1.4460241441204817
93.52264621693834 -1.4298234863453316
93.1987028480468 -1.3906404381395459
93.36217677716664 -1.3876855095324128
92.83892763917018 -1.364166200957266
92.64654439693453 -1.3383274364117903
92.46973306662925 -1.3151884646354346
92.27542439531416 -1.3117340878451722
92.26488840527443 -1.3010820872074707
92.0510238639799 -1.291126179840145
92.0510238639799 -1.287406475750775
92.0510238639799 -1.2823667682765016
91.98938408883305 -1.2599149095755247
91.98938408883302 -1.2576108734366136
91.98938408883302 -1.2552440401283758
91.98692753978682 -1.2426080930931669
91.92340374841864 -1.2293976461458604
91.87167595011523 -1.2247142919317338
91.66059567915015 -1.2100200434894832
91.16435192307618 -1.1640978577420342
91.06003042607003 -1.1542979188709395
91.17537235721821 -1.1424642898643105
91.52467195369282 -1.1086707866339212
91.56908786913971 -1.0900430768896041
91.56908786913971 -1.0845961511437863
91.62190141429588 -1.0571146390328616
91.51670834688252 -1.0076276232183397
91.51670834688254 -1.0051417998839784
89.39406865993507 -0.9569621497534242
88.41819383809764 -0.9140370974658087
88.41819383809762 -0.9054215018680701
88.41819383809762 -0.9022108748172469
88.41819383809762 -0.8801139093859239
88.41819383809764 -0.871916334749822
88.05416483383901 -0.8462366965799183
86.34512420010881 -0.7549507228282771
86.21398392397893 -0.7026857479492753
84.52489441025756 -0.6616809238662628
84.4236958270799 -0.603229852924685
84.42369582707991 -0.5932054702318017
84.34254426889267 -0.5890096525525533
83.59247616813734 -0.5762132248044912
83.51071340134071 -0.5650754152826365
83.5107134013407 -0.5638222489677612
82.73720686883415 -0.502026084128192
82.45855048730319 -0.4906680581880708
82.55780314340808 -0.4860963415783324
82.55780314340808 -0.4846461376140743
82.3748473950782 -0.47872184399576545
82.37484739507818 -0.4784735407398191
82.06456976833294 -0.46542380606719036
82.06456976833293 -0.4620001640332473
82.06456976833294 -0.4584841437020475
81.79906765032965 -0.442020365949759
81.79906765032965 -0.4305009405076254
81.79906765032966 -0.41942866460515316
81.79906765032965 -0.4193416475500299
81.67560416837637 -0.40690994701634897
81.67328279642572 -0.3914628415204254
80.6083100802325 -0.3627903002516673
80.60831008023249 -0.35735890650260865
77.72727477741635 -0.2934076308637668
77.32769551897377 -0.26984915593846936
77.07557055905228 -0.24202300670904134
77.0755705590523 -0.23631670459914758
77.0755705590523 -0.22082876972934826
77.07557055905227 -0.2164711472148361
77.07557055905228 -0.21195763724261935
76.9110442187976 -0.1958379287108439
76.78189273498259 -0.16309529221024072
75.5018910375785 -0.12074862172202398
74.70444012555994 -0.09593887285328674
73.40231152987323 -0.038279164626336425
72.64167502320997 -0.0042552934644760655
72.64167502320997 0.012765264026655582
72.53894125227087 0.02202287061297447
72.5389412522709 0.030293759918775264
72.1797108362907 0.05621775709963123
72.23249612147389 0.10010099141796457
71.93052945881716 0.13691577575514793
71.87681809313906 0.16725393746226094
71.87681809313905 0.18249600024803586
70.96465943149506 0.19562251206246892
70.46841847812802 0.24811344909667646
70.46841847812803 0.2524174207084336
69.78256351120632 0.2776614969985704
69.78256351120632 0.27891962172791496
69.84771523235062 0.2961879419729654
69.72839345951445 0.30152210007168173
69.72839345951448 0.3105465414403651
69.72839345951445 0.31887699908756617
69.72839345951445 0.3245129783091747
69.23956175024186 0.36458148706536947
68.93855735932716 0.3881268900528164
66.87343644039862 0.46155117601340767
66.87343644039865 0.47395652214704936
66.63604511314804 0.4788308239430238
66.44854441208278 0.4868992318112691
66.39988323858583 0.5116274589342192
66.31244739741543 0.5185820985138876
66.31244739741543 0.5338943074011178
65.79497280686934 0.5704605434901653
65.79497280686934 0.5738465350647161
66.01801178943393 0.5761766108619183
65.90192475138834 0.5996450270381901
65.90192475138832 0.6000502134017537
65.24909309069093 0.6365082157879512
65.24909309069093 0.6405856651585092
65.11329337377512 0.6626418885118087
64.99205918758393 0.6843917190622224
63.75600760200449 0.7212007870243153
61.9276612235996 0.7781519134175516
61.9276612235996 0.785398163397448
61.92766122359959 0.8059432174308485
61.9276612235996 0.806521781562812
61.91739011694161 0.8216142054698599
61.91739011694161 0.8298133786443589
61.9173901169416 0.8638085021360902
57.988751603220436 0.9693416199346234
56.639278001224554 1.0701286019201606
55.8159194107522 1.1659045405098132
55.81591941075219 1.1687988884333498
55.20508576805713 1.1996161041561224
53.49904626163858 1.2675621744662633
52.66499974440546 1.2949904282063738
52.38203370280285 1.338692488719741
51.573687221622166 1.4186080403217831
50.501610082924905 1.4271387106294517
49.98584733538995 1.5142528898500798
48.5764858097511 1.6153528049311066
47.38523165891074 1.6685232341536154
47.20826618206633 1.7108136843647634
46.47397078108476 1.74387235796475
46.25000519160458 1.7581166608206373
46.376626757044065 1.7786353711803309
45.93535951156656 1.8076450877418166
45.93535951156654 1.8244704229335396
45.93535951156657 1.827421717857153
45.40185591636781 1.8590865707418887
45.18099818416996 1.8698235203498978
44.96906261431748 1.9178579303343872
44.96906261431748 1.9201896078342633
44.69659643323321 1.9997575379721486
42.80799642792666 2.0962543500038175
42.80799642792667 2.1183585627348944
42.80799642792666 2.12696255691535
42.8490524881741 2.15675394341811
43.78460334795308 2.226919486144202
43.7846033479531 2.22787126250655
43.784603347953094 2.2421087110241853
43.98488232775759 2.2612427838495885
43.984882327757575 2.2664363160023946
43.98488232775759 2.2786802085615525
43.98488232775758 2.28340664158842
39.14724023756884 2.5956937561025044
38.97012275422974 2.629655477282589
38.970122754229735 2.653894699903646
38.691586948103094 2.696124859661965
37.54290640110571 2.7626129928484904
37.35612074860482 2.814633812954079
37.50940540679676 2.83089137327252
37.48709925840889 2.8710792665965696
37.48709925840889 2.8903770650977294
37.39494978765872 2.9025545146413245
37.7998247702211 2.950669495267208
